100000 100000 1
50000 50000
5 5 4
3 1
3 5
1 3
5 3
5 2 2
2 1
4 2
3 4 2
2 2
1 4
5 5
..#..
.....
#...#
.....
..#..
5 2
..
#.
..
.#
..
3 4
...#
.#..
....
6
7 6 8 6 1 1
3
1000000000 1000000000 1000000000
5
10 10 10 10 10
4
10 20 30 40
4 100000
100000 100000 100000 100000
2 0
0 0
1 10
9
3 4
1 2 3
6
4 2 9 7 1 5
10
1000000000 1 1000000000 1 1000000000 1 1000000000 1 1000000000 1
1
10
3
10 100 10
4
10 80 90 30
1 100000
1
3 20
1 2 3
2 7
2 3
2 5
2 3
2 4
2 3
3 3
0 1 1
1 2 1
0 2 1

4 6
0 1 2
1 2 3
1 3 9
2 0 1
2 3 6
3 2 4
