1
3
+ 1 -1
+ 1 1
? 1 3 -1
6
5 5
1 2
4 5
1 5
1 3
2 4
5
5
3
1
2
4
4 2
1
8
+ 1 -1
? 1 1 2
? 1 2 1
+ 1 1
? 1 3 -1
? 1 1 1
? 1 3 2
? 1 1 0
1 1
4 4
2
2
3
5 2
1 5
1 5
4
2
1
3
4
5 2
1 5
1 3
5
4
1
2
3
5
5 5
1 5
1 5
1 5
1 5
1 4
3
1
4
3
3 2
2 2
1 3
3
2
3
1

2
5
5 1
1 2
2 3
4 3
2
5 5
5 1
5
3 2
5 3
2 1
4 2
3
4 3
2 1
4 2
2
5
1 2
3 4
5 3
3 2
4
3 4
5 1
4 4
1 3
3
1 2
1 3
3
1 1
2 3
3 1
6
3
10
37
1
10000000000000000
15
5
6
-1 7 -4 -2 5 -8
8
-1 0 0 -2 1 0 -3 0
5
2 -1 0 -3 -7
5
0 -17 0 1 0
4
-1 0 -2 -1

6
5
1 5 6 3 4
1
5
4
1 6 3 9
6
1 13 9 3 7 2
4
2 2 2 2
5
4 5 2 2 3
