0 0 0
1 100 2
2 200 2
3 300 2
4 400 2
5 500 2
6 600 2
7 700 2
8 800 2
9 900 2
10 1000 2
11 1100 2
12 1200 2
13 1300 2
14 1400 2
15 1500 2
16 1600 2
17 1700 2
18 1800 2
19 1900 2
20 2000 2
21 2100 2
22 2200 2
23 2300 2
24 2400 2
25 2500 2
26 2600 2
27 2700 2
28 2800 2
29 2900 2
30 3000 2
31 3100 2
32 3200 2
33 3300 2
34 3400 2
35 3500 2
36 3600 2
37 3700 2
38 3800 2
39 3900 2
40 4000 2
41 4100 2
42 4200 2
43 4300 2
44 4400 2
45 4500 2
46 4600 2
47 4700 2
48 4800 2
49 4900 2
50 5000 2
51 5100 2
52 5200 2
53 5300 2
54 5400 2
55 5500 2
56 5600 2
57 5700 2
58 5800 2
59 5900 2
60 6000 2
61 6100 2
62 6200 2
63 6300 2
64 6400 2
65 6500 2
66 6600 2
67 6700 2
68 6800 2
69 6900 2
70 7000 2
71 7100 2
72 7200 2
73 7300 2
74 7400 2
75 7500 2
76 7600 2
77 7700 2
78 7800 2
79 7900 2
80 8000 2
81 8100 2
82 8200 2
83 8300 2
84 8400 2
85 8500 2
86 8600 2
87 8700 2
88 8800 2
89 8900 2
90 9000 2
91 9100 2
92 9200 2
93 9300 2
94 9400 2
95 9500 2
96 9600 2
97 9700 2
98 9800 2
99 9900 2
100 10000 1
101 10101 0
102 10300 2
103 10500 2
104 10700 2
105 10900 2
106 11100 2
107 11300 2
108 11500 2
109 11700 2
110 11900 2
111 12100 2
112 12300 2
113 12500 2
114 12700 2
115 12900 2
116 13100 2
117 13300 2
118 13500 2
119 13700 2
120 13900 2
121 14100 2
122 14300 2
123 14500 2
124 14700 2
125 14900 2
126 15100 2
127 15300 2
128 15500 2
129 15700 2
130 15900 2
131 16100 2
132 16300 2
133 16500 2
134 16700 2
135 16900 2
136 17100 2
137 17300 2
138 17500 2
139 17700 2
140 17900 2
141 18100 2
142 18300 2
143 18500 2
144 18700 2
145 18900 2
146 19100 2
147 19300 2
148 19500 2
149 19700 2
150 19900 2
151 20100 2
152 20300 2
153 20500 2
154 20700 2
155 20900 2
156 21100 2
157 21300 2
158 21500 2
159 21700 2
160 21900 2
161 22100 2
162 22300 2
163 22500 2
164 22700 2
165 22900 2
166 23100 2
167 23300 2
168 23500 2
169 23700 2
170 23900 2
171 24100 2
172 24300 2
173 24500 2
174 24700 2
175 24900 2
176 25100 2
177 25300 2
178 25500 2
179 25700 2
180 25900 2
181 26100 2
182 26300 2
183 26500 2
184 26700 2
185 26900 2
186 27100 2
187 27300 2
188 27500 2
189 27700 2
190 27900 2
191 28100 2
192 28300 2
193 28500 2
194 28700 2
195 28900 2
196 29100 2
197 29300 2
198 29500 2
199 29700 2
200 29900 1
201 30101 0
202 30303 0
203 30600 2
204 30900 2
205 31200 2
206 31500 2
207 31800 2
208 32100 2
209 32400 2
210 32700 2
211 33000 2
212 33300 2
213 33600 2
214 33900 2
215 34200 2
216 34500 2
217 34800 2
218 35100 2
219 35400 2
220 35700 2
221 36000 2
222 36300 2
223 36600 2
224 36900 2
225 37200 2
226 37500 2
227 37800 2
228 38100 2
229 38400 2
230 38700 2
231 39000 2
232 39300 2
233 39600 2
234 39900 2
235 40200 2
236 40500 2
237 40800 2
238 41100 2
239 41400 2
240 41700 2
241 42000 2
242 42300 2
243 42600 2
244 42900 2
245 43200 2
246 43500 2
247 43800 2
248 44100 2
249 44400 2
250 44700 2
251 45000 2
252 45300 2
253 45600 2
254 45900 2
255 46200 2
256 46500 2
257 46800 2
258 47100 2
259 47400 2
260 47700 2
261 48000 2
262 48300 2
263 48600 2
264 48900 2
265 49200 2
266 49500 2
267 49800 2
268 50100 2
269 50400 2
270 50700 2
271 51000 2
272 51300 2
273 51600 2
274 51900 2
275 52200 2
276 52500 2
277 52800 2
278 53100 2
279 53400 2
280 53700 2
281 54000 2
282 54300 2
283 54600 2
284 54900 2
285 55200 2
286 55500 2
287 55800 2
288 56100 2
289 56400 2
290 56700 2
291 57000 2
292 57300 2
293 57600 2
294 57900 2
295 58200 2
296 58500 2
297 58800 2
298 59100 2
299 59400 2
300 59700 1
301 60001 0
302 60303 0
303 60606 0
304 61000 2
305 61400 2
306 61800 2
307 62200 2
308 62600 2
309 63000 2
310 63400 2
311 63800 2
312 64200 2
313 64600 2
314 65000 2
315 65400 2
316 65800 2
317 66200 2
318 66600 2
319 67000 2
320 67400 2
321 67800 2
322 68200 2
323 68600 2
324 69000 2
325 69400 2
326 69800 2
327 70200 2
328 70600 2
329 71000 2
330 71400 2
331 71800 2
332 72200 2
333 72600 2
334 73000 2
335 73400 2
336 73800 2
337 74200 2
338 74600 2
339 75000 2
340 75400 2
341 75800 2
342 76200 2
343 76600 2
344 77000 2
345 77400 2
346 77800 2
347 78200 2
348 78600 2
349 79000 2
350 79400 2
351 79800 2
352 80200 2
353 80600 2
354 81000 2
355 81400 2
356 81800 2
357 82200 2
358 82600 2
359 83000 2
360 83400 2
361 83800 2
362 84200 2
363 84600 2
364 85000 2
365 85400 2
366 85800 2
367 86200 2
368 86600 2
369 87000 2
370 87400 2
371 87800 2
372 88200 2
373 88600 2
374 89000 2
375 89400 2
376 89800 2
377 90200 2
378 90600 2
379 91000 2
380 91400 2
381 91800 2
382 92200 2
383 92600 2
384 93000 2
385 93400 2
386 93800 2
387 94200 2
388 94600 2
389 95000 2
390 95400 2
391 95800 2
392 96200 2
393 96600 2
394 97000 2
395 97400 2
396 97800 2
397 98200 2
398 98600 2
399 99000 2
400 99400 1
401 99801 0
402 100203 0
403 100606 0
404 101010 0
405 101500 2
406 102000 2
407 102500 2
408 103000 2
409 103500 2
410 104000 2
411 104500 2
412 105000 2
413 105500 2
414 106000 2
415 106500 2
416 107000 2
417 107500 2
418 108000 2
419 108500 2
420 109000 2
421 109500 2
422 110000 2
423 110500 2
424 111000 2
425 111500 2
426 112000 2
427 112500 2
428 113000 2
429 113500 2
430 114000 2
431 114500 2
432 115000 2
433 115500 2
434 116000 2
435 116500 2
436 117000 2
437 117500 2
438 118000 2
439 118500 2
440 119000 2
441 119500 2
442 120000 2
443 120500 2
444 121000 2
445 121500 2
446 122000 2
447 122500 2
448 123000 2
449 123500 2
450 124000 2
451 124500 2
452 125000 2
453 125500 2
454 126000 2
455 126500 2
456 127000 2
457 127500 2
458 128000 2
459 128500 2
460 129000 2
461 129500 2
462 130000 2
463 130500 2
464 131000 2
465 131500 2
466 132000 2
467 132500 2
468 133000 2
469 133500 2
470 134000 2
471 134500 2
472 135000 2
473 135500 2
474 136000 2
475 136500 2
476 137000 2
477 137500 2
478 138000 2
479 138500 2
480 139000 2
481 139500 2
482 140000 2
483 140500 2
484 141000 2
485 141500 2
486 142000 2
487 142500 2
488 143000 2
489 143500 2
490 144000 2
491 144500 2
492 145000 2
493 145500 2
494 146000 2
495 146500 2
496 147000 2
497 147500 2
498 148000 2
499 148500 2
500 149000 1
501 149501 0
502 150003 0
503 150506 0
504 151010 0
505 151515 0
506 152100 2
507 152700 2
508 153300 2
509 153900 2
510 154500 2
511 155100 2
512 155700 2
513 156300 2
514 156900 2
515 157500 2
516 158100 2
517 158700 2
518 159300 2
519 159900 2
520 160500 2
521 161100 2
522 161700 2
523 162300 2
524 162900 2
525 163500 2
526 164100 2
527 164700 2
528 165300 2
529 165900 2
530 166500 2
531 167100 2
532 167700 2
533 168300 2
534 168900 2
535 169500 2
536 170100 2
537 170700 2
538 171300 2
539 171900 2
540 172500 2
541 173100 2
542 173700 2
543 174300 2
544 174900 2
545 175500 2
546 176100 2
547 176700 2
548 177300 2
549 177900 2
550 178500 2
551 179100 2
552 179700 2
553 180300 2
554 180900 2
555 181500 2
556 182100 2
557 182700 2
558 183300 2
559 183900 2
560 184500 2
561 185100 2
562 185700 2
563 186300 2
564 186900 2
565 187500 2
566 188100 2
567 188700 2
568 189300 2
569 189900 2
570 190500 2
571 191100 2
572 191700 2
573 192300 2
574 192900 2
575 193500 2
576 194100 2
577 194700 2
578 195300 2
579 195900 2
580 196500 2
581 197100 2
582 197700 2
583 198300 2
584 198900 2
585 199500 2
586 200100 2
587 200700 2
588 201300 2
589 201900 2
590 202500 2
591 203100 2
592 203700 2
593 204300 2
594 204900 2
595 205500 2
596 206100 2
597 206700 2
598 207300 2
599 207900 2
600 208500 1
601 209101 0
602 209703 0
603 210306 0
604 210910 0
605 211515 0
606 212121 0
607 212800 2
608 213500 2
609 214200 2
610 214900 2
611 215600 2
612 216300 2
613 217000 2
614 217700 2
615 218400 2
616 219100 2
617 219800 2
618 220500 2
619 221200 2
620 221900 2
621 222600 2
622 223300 2
623 224000 2
624 224700 2
625 225400 2
626 226100 2
627 226800 2
628 227500 2
629 228200 2
630 228900 2
631 229600 2
632 230300 2
633 231000 2
634 231700 2
635 232400 2
636 233100 2
637 233800 2
638 234500 2
639 235200 2
640 235900 2
641 236600 2
642 237300 2
643 238000 2
644 238700 2
645 239400 2
646 240100 2
647 240800 2
648 241500 2
649 242200 2
650 242900 2
651 243600 2
652 244300 2
653 245000 2
654 245700 2
655 246400 2
656 247100 2
657 247800 2
658 248500 2
659 249200 2
660 249900 2
661 250600 2
662 251300 2
663 252000 2
664 252700 2
665 253400 2
666 254100 2
667 254800 2
668 255500 2
669 256200 2
670 256900 2
671 257600 2
672 258300 2
673 259000 2
674 259700 2
675 260400 2
676 261100 2
677 261800 2
678 262500 2
679 263200 2
680 263900 2
681 264600 2
682 265300 2
683 266000 2
684 266700 2
685 267400 2
686 268100 2
687 268800 2
688 269500 2
689 270200 2
690 270900 2
691 271600 2
692 272300 2
693 273000 2
694 273700 2
695 274400 2
696 275100 2
697 275800 2
698 276500 2
699 277200 2
700 277900 1
701 278601 0
702 279303 0
703 280006 0
704 280710 0
705 281415 0
706 282121 0
707 282828 0
708 283600 2
709 284400 2
710 285200 2
711 286000 2
712 286800 2
713 287600 2
714 288400 2
715 289200 2
716 290000 2
717 290800 2
718 291600 2
719 292400 2
720 293200 2
721 294000 2
722 294800 2
723 295600 2
724 296400 2
725 297200 2
726 298000 2
727 298800 2
728 299600 2
729 300400 2
730 301200 2
731 302000 2
732 302800 2
733 303600 2
734 304400 2
735 305200 2
736 306000 2
737 306800 2
738 307600 2
739 308400 2
740 309200 2
741 310000 2
742 310800 2
743 311600 2
744 312400 2
745 313200 2
746 314000 2
747 314800 2
748 315600 2
749 316400 2
750 317200 2
751 318000 2
752 318800 2
753 319600 2
754 320400 2
755 321200 2
756 322000 2
757 322800 2
758 323600 2
759 324400 2
760 325200 2
761 326000 2
762 326800 2
763 327600 2
764 328400 2
765 329200 2
766 330000 2
767 330800 2
768 331600 2
769 332400 2
770 333200 2
771 334000 2
772 334800 2
773 335600 2
774 336400 2
775 337200 2
776 338000 2
777 338800 2
778 339600 2
779 340400 2
780 341200 2
781 342000 2
782 342800 2
783 343600 2
784 344400 2
785 345200 2
786 346000 2
787 346800 2
788 347600 2
789 348400 2
790 349200 2
791 350000 2
792 350800 2
793 351600 2
794 352400 2
795 353200 2
796 354000 2
797 354800 2
798 355600 2
799 356400 2
800 357200 1
801 358001 0
802 358803 0
803 359606 0
804 360410 0
805 361215 0
806 362021 0
807 362828 0
808 363636 0
809 364500 2
810 365400 2
811 366300 2
812 367200 2
813 368100 2
814 369000 2
815 369900 2
816 370800 2
817 371700 2
818 372600 2
819 373500 2
820 374400 2
821 375300 2
822 376200 2
823 377100 2
824 378000 2
825 378900 2
826 379800 2
827 380700 2
828 381600 2
829 382500 2
830 383400 2
831 384300 2
832 385200 2
833 386100 2
834 387000 2
835 387900 2
836 388800 2
837 389700 2
838 390600 2
839 391500 2
840 392400 2
841 393300 2
842 394200 2
843 395100 2
844 396000 2
845 396900 2
846 397800 2
847 398700 2
848 399600 2
849 400500 2
850 401400 2
851 402300 2
852 403200 2
853 404100 2
854 405000 2
855 405900 2
856 406800 2
857 407700 2
858 408600 2
859 409500 2
860 410400 2
861 411300 2
862 412200 2
863 413100 2
864 414000 2
865 414900 2
866 415800 2
867 416700 2
868 417600 2
869 418500 2
870 419400 2
871 420300 2
872 421200 2
873 422100 2
874 423000 2
875 423900 2
876 424800 2
877 425700 2
878 426600 2
879 427500 2
880 428400 2
881 429300 2
882 430200 2
883 431100 2
884 432000 2
885 432900 2
886 433800 2
887 434700 2
888 435600 2
889 436500 2
890 437400 2
891 438300 2
892 439200 2
893 440100 2
894 441000 2
895 441900 2
896 442800 2
897 443700 2
898 444600 2
899 445500 2
900 446400 1
901 447301 0
902 448203 0
903 449106 0
904 450010 0
905 450915 0
906 451821 0
907 452728 0
908 453636 0
909 454545 0
910 455500 2
911 456500 2
912 457500 2
913 458500 2
914 459500 2
915 460500 2
916 461500 2
917 462500 2
918 463500 2
919 464500 2
920 465500 2
921 466500 2
922 467500 2
923 468500 2
924 469500 2
925 470500 2
926 471500 2
927 472500 2
928 473500 2
929 474500 2
930 475500 2
931 476500 2
932 477500 2
933 478500 2
934 479500 2
935 480500 2
936 481500 2
937 482500 2
938 483500 2
939 484500 2
940 485500 2
941 486500 2
942 487500 2
943 488500 2
944 489500 2
945 490500 2
946 491500 2
947 492500 2
948 493500 2
949 494500 2
950 495500 2
951 496500 2
952 497500 2
953 498500 2
954 499500 2
955 500500 2
956 501500 2
957 502500 2
958 503500 2
959 504500 2
960 505500 2
961 506500 2
962 507500 2
963 508500 2
964 509500 2
965 510500 2
966 511500 2
967 512500 2
968 513500 2
969 514500 2
970 515500 2
971 516500 2
972 517500 2
973 518500 2
974 519500 2
975 520500 2
976 521500 2
977 522500 2
978 523500 2
979 524500 2
980 525500 2
981 526500 2
982 527500 2
983 528500 2
984 529500 2
985 530500 2
986 531500 2
987 532500 2
988 533500 2
989 534500 2
990 535500 2
991 536500 2
992 537500 2
993 538500 2
994 539500 2
995 540500 2
996 541500 2
997 542500 2
998 543500 2
999 544500 2
1000 545500 1
1001 546501 0
1002 547503 0
1003 548506 0
1004 549510 0
1005 550515 0
1006 551521 0
1007 552528 0
1008 553536 0
1009 554545 0
1010 555555 0
1011 556600 2
1012 557700 2
1013 558800 2
1014 559900 2
1015 561000 2
1016 562100 2
1017 563200 2
1018 564300 2
1019 565400 2
1020 566500 2
1021 567600 2
1022 568700 2
1023 569800 2
1024 570900 2
1025 572000 2
1026 573100 2
1027 574200 2
1028 575300 2
1029 576400 2
1030 577500 2
1031 578600 2
1032 579700 2
1033 580800 2
1034 581900 2
1035 583000 2
1036 584100 2
1037 585200 2
1038 586300 2
1039 587400 2
1040 588500 2
1041 589600 2
1042 590700 2
1043 591800 2
1044 592900 2
1045 594000 2
1046 595100 2
1047 596200 2
1048 597300 2
1049 598400 2
1050 599500 2
1051 600600 2
1052 601700 2
1053 602800 2
1054 603900 2
1055 605000 2
1056 606100 2
1057 607200 2
1058 608300 2
1059 609400 2
1060 610500 2
1061 611600 2
1062 612700 2
1063 613800 2
1064 614900 2
1065 616000 2
1066 617100 2
1067 618200 2
1068 619300 2
1069 620400 2
1070 621500 2
1071 622600 2
1072 623700 2
1073 624800 2
1074 625900 2
1075 627000 2
1076 628100 2
1077 629200 2
1078 630300 2
1079 631400 2
1080 632500 2
1081 633600 2
1082 634700 2
1083 635800 2
1084 636900 2
1085 638000 2
1086 639100 2
1087 640200 2
1088 641300 2
1089 642400 2
1090 643500 2
1091 644600 2
1092 645700 2
1093 646800 2
1094 647900 2
1095 649000 2
1096 650100 2
1097 651200 2
1098 652300 2
1099 653400 2
1100 654500 1
1101 655601 0
1102 656703 0
1103 657806 0
1104 658910 0
1105 660015 0
1106 661121 0
1107 662228 0
1108 663336 0
1109 664445 0
1110 665555 0
1111 666666 0
1112 667800 2
1113 669000 2
1114 670200 2
1115 671400 2
1116 672600 2
1117 673800 2
1118 675000 2
1119 676200 2
1120 677400 2
1121 678600 2
1122 679800 2
1123 681000 2
1124 682200 2
1125 683400 2
1126 684600 2
1127 685800 2
1128 687000 2
1129 688200 2
1130 689400 2
1131 690600 2
1132 691800 2
1133 693000 2
1134 694200 2
1135 695400 2
1136 696600 2
1137 697800 2
1138 699000 2
1139 700200 2
1140 701400 2
1141 702600 2
1142 703800 2
1143 705000 2
1144 706200 2
1145 707400 2
1146 708600 2
1147 709800 2
1148 711000 2
1149 712200 2
1150 713400 2
1151 714600 2
1152 715800 2
1153 717000 2
1154 718200 2
1155 719400 2
1156 720600 2
1157 721800 2
1158 723000 2
1159 724200 2
1160 725400 2
1161 726600 2
1162 727800 2
1163 729000 2
1164 730200 2
1165 731400 2
1166 732600 2
1167 733800 2
1168 735000 2
1169 736200 2
1170 737400 2
1171 738600 2
1172 739800 2
1173 741000 2
1174 742200 2
1175 743400 2
1176 744600 2
1177 745800 2
1178 747000 2
1179 748200 2
1180 749400 2
1181 750600 2
1182 751800 2
1183 753000 2
1184 754200 2
1185 755400 2
1186 756600 2
1187 757800 2
1188 759000 2
1189 760200 2
1190 761400 2
1191 762600 2
1192 763800 2
1193 765000 2
1194 766200 2
1195 767400 2
1196 768600 2
1197 769800 2
1198 771000 2
1199 772200 2
1200 773400 1
1201 774601 0
1202 775803 0
1203 777006 0
1204 778210 0
1205 779415 0
1206 780621 0
1207 781828 0
1208 783036 0
1209 784245 0
1210 785455 0
1211 786666 0
1212 787878 0
1213 789100 2
1214 790400 2
1215 791700 2
1216 793000 2
1217 794300 2
1218 795600 2
1219 796900 2
1220 798200 2
1221 799500 2
1222 800800 2
1223 802100 2
1224 803400 2
1225 804700 2
1226 806000 2
1227 807300 2
1228 808600 2
1229 809900 2
1230 811200 2
1231 812500 2
1232 813800 2
1233 815100 2
1234 816400 2
1235 817700 2
1236 819000 2
1237 820300 2
1238 821600 2
1239 822900 2
1240 824200 2
1241 825500 2
1242 826800 2
1243 828100 2
1244 829400 2
1245 830700 2
1246 832000 2
1247 833300 2
1248 834600 2
1249 835900 2
1250 837200 2
1251 838500 2
1252 839800 2
1253 841100 2
1254 842400 2
1255 843700 2
1256 845000 2
1257 846300 2
1258 847600 2
1259 848900 2
1260 850200 2
1261 851500 2
1262 852800 2
1263 854100 2
1264 855400 2
1265 856700 2
1266 858000 2
1267 859300 2
1268 860600 2
1269 861900 2
1270 863200 2
1271 864500 2
1272 865800 2
1273 867100 2
1274 868400 2
1275 869700 2
1276 871000 2
1277 872300 2
1278 873600 2
1279 874900 2
1280 876200 2
1281 877500 2
1282 878800 2
1283 880100 2
1284 881400 2
1285 882700 2
1286 884000 2
1287 885300 2
1288 886600 2
1289 887900 2
1290 889200 2
1291 890500 2
1292 891800 2
1293 893100 2
1294 894400 2
1295 895700 2
1296 897000 2
1297 898300 2
1298 899600 2
1299 900900 2
1300 902200 1
1301 903501 0
1302 904803 0
1303 906106 0
1304 907410 0
1305 908715 0
1306 910021 0
1307 911328 0
1308 912636 0
1309 913945 0
1310 915255 0
1311 916566 0
1312 917878 0
1313 919191 0
1314 920505 0
1315 921900 2
1316 923300 2
1317 924700 2
1318 926100 2
1319 927500 2
1320 928900 2
1321 930300 2
1322 931700 2
1323 933100 2
1324 934500 2
1325 935900 2
1326 937300 2
1327 938700 2
1328 940100 2
1329 941500 2
1330 942900 2
1331 944300 2
1332 945700 2
1333 947100 2
1334 948500 2
1335 949900 2
1336 951300 2
1337 952700 2
1338 954100 2
1339 955500 2
1340 956900 2
1341 958300 2
1342 959700 2
1343 961100 2
1344 962500 2
1345 963900 2
1346 965300 2
1347 966700 2
1348 968100 2
1349 969500 2
1350 970900 2
1351 972300 2
1352 973700 2
1353 975100 2
1354 976500 2
1355 977900 2
1356 979300 2
1357 980700 2
1358 982100 2
1359 983500 2
1360 984900 2
1361 986300 2
1362 987700 2
1363 989100 2
1364 990500 2
1365 991900 2
1366 993300 2
1367 994700 2
1368 996100 2
1369 997500 2
1370 998900 2
1371 1000300 2
1372 1001700 2
1373 1003100 2
1374 1004500 2
1375 1005900 2
1376 1007300 2
1377 1008700 2
1378 1010100 2
1379 1011500 2
1380 1012900 2
1381 1014300 2
1382 1015700 2
1383 1017100 2
1384 1018500 2
1385 1019900 2
1386 1021300 2
1387 1022700 2
1388 1024100 2
1389 1025500 2
1390 1026900 2
1391 1028300 2
1392 1029700 2
1393 1031100 2
1394 1032500 2
1395 1033900 2
1396 1035300 2
1397 1036700 2
1398 1038100 2
1399 1039500 2
1400 1040900 1
1401 1042301 0
1402 1043703 0
1403 1045106 0
1404 1046510 0
1405 1047915 0
1406 1049321 0
1407 1050728 0
1408 1052136 0
1409 1053545 0
1410 1054955 0
1411 1056366 0
1412 1057778 0
1413 1059191 0
1414 1060605 0
1415 1062020 0
1416 1063500 2
1417 1065000 2
1418 1066500 2
1419 1068000 2
1420 1069500 2
1421 1071000 2
1422 1072500 2
1423 1074000 2
1424 1075500 2
1425 1077000 2
1426 1078500 2
1427 1080000 2
1428 1081500 2
1429 1083000 2
1430 1084500 2
1431 1086000 2
1432 1087500 2
1433 1089000 2
1434 1090500 2
1435 1092000 2
1436 1093500 2
1437 1095000 2
1438 1096500 2
1439 1098000 2
1440 1099500 2
1441 1101000 2
1442 1102500 2
1443 1104000 2
1444 1105500 2
1445 1107000 2
1446 1108500 2
1447 1110000 2
1448 1111500 2
1449 1113000 2
1450 1114500 2
1451 1116000 2
1452 1117500 2
1453 1119000 2
1454 1120500 2
1455 1122000 2
1456 1123500 2
1457 1125000 2
1458 1126500 2
1459 1128000 2
1460 1129500 2
1461 1131000 2
1462 1132500 2
1463 1134000 2
1464 1135500 2
1465 1137000 2
1466 1138500 2
1467 1140000 2
1468 1141500 2
1469 1143000 2
1470 1144500 2
1471 1146000 2
1472 1147500 2
1473 1149000 2
1474 1150500 2
1475 1152000 2
1476 1153500 2
1477 1155000 2
1478 1156500 2
1479 1158000 2
1480 1159500 2
1481 1161000 2
1482 1162500 2
1483 1164000 2
1484 1165500 2
1485 1167000 2
1486 1168500 2
1487 1170000 2
1488 1171500 2
1489 1173000 2
1490 1174500 2
1491 1176000 2
1492 1177500 2
1493 1179000 2
1494 1180500 2
1495 1182000 2
1496 1183500 2
1497 1185000 2
1498 1186500 2
1499 1188000 2
1500 1189500 1
1501 1191001 0
1502 1192503 0
1503 1194006 0
1504 1195510 0
1505 1197015 0
1506 1198521 0
1507 1200028 0
1508 1201536 0
1509 1203045 0
1510 1204555 0
1511 1206066 0
1512 1207578 0
1513 1209091 0
1514 1210605 0
1515 1212120 0
1516 1213636 0
1517 1215200 2
1518 1216800 2
1519 1218400 2
1520 1220000 2
1521 1221600 2
1522 1223200 2
1523 1224800 2
1524 1226400 2
1525 1228000 2
1526 1229600 2
1527 1231200 2
1528 1232800 2
1529 1234400 2
1530 1236000 2
1531 1237600 2
1532 1239200 2
1533 1240800 2
1534 1242400 2
1535 1244000 2
1536 1245600 2
1537 1247200 2
1538 1248800 2
1539 1250400 2
1540 1252000 2
1541 1253600 2
1542 1255200 2
1543 1256800 2
1544 1258400 2
1545 1260000 2
1546 1261600 2
1547 1263200 2
1548 1264800 2
1549 1266400 2
1550 1268000 2
1551 1269600 2
1552 1271200 2
1553 1272800 2
1554 1274400 2
1555 1276000 2
1556 1277600 2
1557 1279200 2
1558 1280800 2
1559 1282400 2
1560 1284000 2
1561 1285600 2
1562 1287200 2
1563 1288800 2
1564 1290400 2
1565 1292000 2
1566 1293600 2
1567 1295200 2
1568 1296800 2
1569 1298400 2
1570 1300000 2
1571 1301600 2
1572 1303200 2
1573 1304800 2
1574 1306400 2
1575 1308000 2
1576 1309600 2
1577 1311200 2
1578 1312800 2
1579 1314400 2
1580 1316000 2
1581 1317600 2
1582 1319200 2
1583 1320800 2
1584 1322400 2
1585 1324000 2
1586 1325600 2
1587 1327200 2
1588 1328800 2
1589 1330400 2
1590 1332000 2
1591 1333600 2
1592 1335200 2
1593 1336800 2
1594 1338400 2
1595 1340000 2
1596 1341600 2
1597 1343200 2
1598 1344800 2
1599 1346400 2
1600 1348000 1
1601 1349601 0
1602 1351203 0
1603 1352806 0
1604 1354410 0
1605 1356015 0
1606 1357621 0
1607 1359228 0
1608 1360836 0
1609 1362445 0
1610 1364055 0
1611 1365666 0
1612 1367278 0
1613 1368891 0
1614 1370505 0
1615 1372120 0
1616 1373736 0
1617 1375353 0
1618 1377000 2
1619 1378700 2
1620 1380400 2
1621 1382100 2
1622 1383800 2
1623 1385500 2
1624 1387200 2
1625 1388900 2
1626 1390600 2
1627 1392300 2
1628 1394000 2
1629 1395700 2
1630 1397400 2
1631 1399100 2
1632 1400800 2
1633 1402500 2
1634 1404200 2
1635 1405900 2
1636 1407600 2
1637 1409300 2
1638 1411000 2
1639 1412700 2
1640 1414400 2
1641 1416100 2
1642 1417800 2
1643 1419500 2
1644 1421200 2
1645 1422900 2
1646 1424600 2
1647 1426300 2
1648 1428000 2
1649 1429700 2
1650 1431400 2
1651 1433100 2
1652 1434800 2
1653 1436500 2
1654 1438200 2
1655 1439900 2
1656 1441600 2
1657 1443300 2
1658 1445000 2
1659 1446700 2
1660 1448400 2
1661 1450100 2
1662 1451800 2
1663 1453500 2
1664 1455200 2
1665 1456900 2
1666 1458600 2
1667 1460300 2
1668 1462000 2
1669 1463700 2
1670 1465400 2
1671 1467100 2
1672 1468800 2
1673 1470500 2
1674 1472200 2
1675 1473900 2
1676 1475600 2
1677 1477300 2
1678 1479000 2
1679 1480700 2
1680 1482400 2
1681 1484100 2
1682 1485800 2
1683 1487500 2
1684 1489200 2
1685 1490900 2
1686 1492600 2
1687 1494300 2
1688 1496000 2
1689 1497700 2
1690 1499400 2
1691 1501100 2
1692 1502800 2
1693 1504500 2
1694 1506200 2
1695 1507900 2
1696 1509600 2
1697 1511300 2
1698 1513000 2
1699 1514700 2
1700 1516400 1
1701 1518101 0
1702 1519803 0
1703 1521506 0
1704 1523210 0
1705 1524915 0
1706 1526621 0
1707 1528328 0
1708 1530036 0
1709 1531745 0
1710 1533455 0
1711 1535166 0
1712 1536878 0
1713 1538591 0
1714 1540305 0
1715 1542020 0
1716 1543736 0
1717 1545453 0
1718 1547171 0
1719 1548900 2
1720 1550700 2
1721 1552500 2
1722 1554300 2
1723 1556100 2
1724 1557900 2
1725 1559700 2
1726 1561500 2
1727 1563300 2
1728 1565100 2
1729 1566900 2
1730 1568700 2
1731 1570500 2
1732 1572300 2
1733 1574100 2
1734 1575900 2
1735 1577700 2
1736 1579500 2
1737 1581300 2
1738 1583100 2
1739 1584900 2
1740 1586700 2
1741 1588500 2
1742 1590300 2
1743 1592100 2
1744 1593900 2
1745 1595700 2
1746 1597500 2
1747 1599300 2
1748 1601100 2
1749 1602900 2
1750 1604700 2
1751 1606500 2
1752 1608300 2
1753 1610100 2
1754 1611900 2
1755 1613700 2
1756 1615500 2
1757 1617300 2
1758 1619100 2
1759 1620900 2
1760 1622700 2
1761 1624500 2
1762 1626300 2
1763 1628100 2
1764 1629900 2
1765 1631700 2
1766 1633500 2
1767 1635300 2
1768 1637100 2
1769 1638900 2
1770 1640700 2
1771 1642500 2
1772 1644300 2
1773 1646100 2
1774 1647900 2
1775 1649700 2
1776 1651500 2
1777 1653300 2
1778 1655100 2
1779 1656900 2
1780 1658700 2
1781 1660500 2
1782 1662300 2
1783 1664100 2
1784 1665900 2
1785 1667700 2
1786 1669500 2
1787 1671300 2
1788 1673100 2
1789 1674900 2
1790 1676700 2
1791 1678500 2
1792 1680300 2
1793 1682100 2
1794 1683900 2
1795 1685700 2
1796 1687500 2
1797 1689300 2
1798 1691100 2
1799 1692900 2
1800 1694700 1
1801 1696501 0
1802 1698303 0
1803 1700106 0
1804 1701910 0
1805 1703715 0
1806 1705521 0
1807 1707328 0
1808 1709136 0
1809 1710945 0
1810 1712755 0
1811 1714566 0
1812 1716378 0
1813 1718191 0
1814 1720005 0
1815 1721820 0
1816 1723636 0
1817 1725453 0
1818 1727271 0
1819 1729090 0
1820 1730910 0
1821 1732800 2
1822 1734700 2
1823 1736600 2
1824 1738500 2
1825 1740400 2
1826 1742300 2
1827 1744200 2
1828 1746100 2
1829 1748000 2
1830 1749900 2
1831 1751800 2
1832 1753700 2
1833 1755600 2
1834 1757500 2
1835 1759400 2
1836 1761300 2
1837 1763200 2
1838 1765100 2
1839 1767000 2
1840 1768900 2
1841 1770800 2
1842 1772700 2
1843 1774600 2
1844 1776500 2
1845 1778400 2
1846 1780300 2
1847 1782200 2
1848 1784100 2
1849 1786000 2
1850 1787900 2
1851 1789800 2
1852 1791700 2
1853 1793600 2
1854 1795500 2
1855 1797400 2
1856 1799300 2
1857 1801200 2
1858 1803100 2
1859 1805000 2
1860 1806900 2
1861 1808800 2
1862 1810700 2
1863 1812600 2
1864 1814500 2
1865 1816400 2
1866 1818300 2
1867 1820200 2
1868 1822100 2
1869 1824000 2
1870 1825900 2
1871 1827800 2
1872 1829700 2
1873 1831600 2
1874 1833500 2
1875 1835400 2
1876 1837300 2
1877 1839200 2
1878 1841100 2
1879 1843000 2
1880 1844900 2
1881 1846800 2
1882 1848700 2
1883 1850600 2
1884 1852500 2
1885 1854400 2
1886 1856300 2
1887 1858200 2
1888 1860100 2
1889 1862000 2
1890 1863900 2
1891 1865800 2
1892 1867700 2
1893 1869600 2
1894 1871500 2
1895 1873400 2
1896 1875300 2
1897 1877200 2
1898 1879100 2
1899 1881000 2
1900 1882900 1
1901 1884801 0
1902 1886703 0
1903 1888606 0
1904 1890510 0
1905 1892415 0
1906 1894321 0
1907 1896228 0
1908 1898136 0
1909 1900045 0
1910 1901955 0
1911 1903866 0
1912 1905778 0
1913 1907691 0
1914 1909605 0
1915 1911520 0
1916 1913436 0
1917 1915353 0
1918 1917271 0
1919 1919190 0
1920 1921110 0
1921 1923031 0
1922 1925000 2
1923 1927000 2
1924 1929000 2
1925 1931000 2
1926 1933000 2
1927 1935000 2
1928 1937000 2
1929 1939000 2
1930 1941000 2
1931 1943000 2
1932 1945000 2
1933 1947000 2
1934 1949000 2
1935 1951000 2
1936 1953000 2
1937 1955000 2
1938 1957000 2
1939 1959000 2
1940 1961000 2
1941 1963000 2
1942 1965000 2
1943 1967000 2
1944 1969000 2
1945 1971000 2
1946 1973000 2
1947 1975000 2
1948 1977000 2
1949 1979000 2
1950 1981000 2
1951 1983000 2
1952 1985000 2
1953 1987000 2
1954 1989000 2
1955 1991000 2
1956 1993000 2
1957 1995000 2
1958 1997000 2
1959 1999000 2
1960 2001000 2
1961 2003000 2
1962 2005000 2
1963 2007000 2
1964 2009000 2
1965 2011000 2
1966 2013000 2
1967 2015000 2
1968 2017000 2
1969 2019000 2
1970 2021000 2
1971 2023000 2
1972 2025000 2
1973 2027000 2
1974 2029000 2
1975 2031000 2
1976 2033000 2
1977 2035000 2
1978 2037000 2
1979 2039000 2
1980 2041000 2
1981 2043000 2
1982 2045000 2
1983 2047000 2
1984 2049000 2
1985 2051000 2
1986 2053000 2
1987 2055000 2
1988 2057000 2
1989 2059000 2
1990 2061000 2
1991 2063000 2
1992 2065000 2
1993 2067000 2
1994 2069000 2
1995 2071000 2
1996 2073000 2
1997 2075000 2
1998 2077000 2
1999 2079000 2
2000 2081000 1
2001 2083001 0
2002 2085003 0
2003 2087006 0
2004 2089010 0
2005 2091015 0
2006 2093021 0
2007 2095028 0
2008 2097036 0
2009 2099045 0
2010 2101055 0
2011 2103066 0
2012 2105078 0
2013 2107091 0
2014 2109105 0
2015 2111120 0
2016 2113136 0
2017 2115153 0
2018 2117171 0
2019 2119190 0
2020 2121210 0
2021 2123231 0
2022 2125253 0
2023 2127300 2
2024 2129400 2
2025 2131500 2
2026 2133600 2
2027 2135700 2
2028 2137800 2
2029 2139900 2
2030 2142000 2
2031 2144100 2
2032 2146200 2
2033 2148300 2
2034 2150400 2
2035 2152500 2
2036 2154600 2
2037 2156700 2
2038 2158800 2
2039 2160900 2
2040 2163000 2
2041 2165100 2
2042 2167200 2
2043 2169300 2
2044 2171400 2
2045 2173500 2
2046 2175600 2
2047 2177700 2
2048 2179800 2
2049 2181900 2
2050 2184000 2
2051 2186100 2
2052 2188200 2
2053 2190300 2
2054 2192400 2
2055 2194500 2
2056 2196600 2
2057 2198700 2
2058 2200800 2
2059 2202900 2
2060 2205000 2
2061 2207100 2
2062 2209200 2
2063 2211300 2
2064 2213400 2
2065 2215500 2
2066 2217600 2
2067 2219700 2
2068 2221800 2
2069 2223900 2
2070 2226000 2
2071 2228100 2
2072 2230200 2
2073 2232300 2
2074 2234400 2
2075 2236500 2
2076 2238600 2
2077 2240700 2
2078 2242800 2
2079 2244900 2
2080 2247000 2
2081 2249100 2
2082 2251200 2
2083 2253300 2
2084 2255400 2
2085 2257500 2
2086 2259600 2
2087 2261700 2
2088 2263800 2
2089 2265900 2
2090 2268000 2
2091 2270100 2
2092 2272200 2
2093 2274300 2
2094 2276400 2
2095 2278500 2
2096 2280600 2
2097 2282700 2
2098 2284800 2
2099 2286900 2
2100 2289000 1
2101 2291101 0
2102 2293203 0
2103 2295306 0
2104 2297410 0
2105 2299515 0
2106 2301621 0
2107 2303728 0
2108 2305836 0
2109 2307945 0
2110 2310055 0
2111 2312166 0
2112 2314278 0
2113 2316391 0
2114 2318505 0
2115 2320620 0
2116 2322736 0
2117 2324853 0
2118 2326971 0
2119 2329090 0
2120 2331210 0
2121 2333331 0
2122 2335453 0
2123 2337576 0
2124 2339700 1
2125 2341900 2
2126 2344100 2
2127 2346300 2
2128 2348500 2
2129 2350700 2
2130 2352900 2
2131 2355100 2
2132 2357300 2
2133 2359500 2
2134 2361700 2
2135 2363900 2
2136 2366100 2
2137 2368300 2
2138 2370500 2
2139 2372700 2
2140 2374900 2
2141 2377100 2
2142 2379300 2
2143 2381500 2
2144 2383700 2
2145 2385900 2
2146 2388100 2
2147 2390300 2
2148 2392500 2
2149 2394700 2
2150 2396900 2
2151 2399100 2
2152 2401300 2
2153 2403500 2
2154 2405700 2
2155 2407900 2
2156 2410100 2
2157 2412300 2
2158 2414500 2
2159 2416700 2
2160 2418900 2
2161 2421100 2
2162 2423300 2
2163 2425500 2
2164 2427700 2
2165 2429900 2
2166 2432100 2
2167 2434300 2
2168 2436500 2
2169 2438700 2
2170 2440900 2
2171 2443100 2
2172 2445300 2
2173 2447500 2
2174 2449700 2
2175 2451900 2
2176 2454100 2
2177 2456300 2
2178 2458500 2
2179 2460700 2
2180 2462900 2
2181 2465100 2
2182 2467300 2
2183 2469500 2
2184 2471700 2
2185 2473900 2
2186 2476100 2
2187 2478300 2
2188 2480500 2
2189 2482700 2
2190 2484900 2
2191 2487100 2
2192 2489300 2
2193 2491500 2
2194 2493700 2
2195 2495900 2
2196 2498100 2
2197 2500300 2
2198 2502500 2
2199 2504700 2
2200 2506900 1
2201 2509101 0
2202 2511303 0
2203 2513506 0
2204 2515710 0
2205 2517915 0
2206 2520121 0
2207 2522328 0
2208 2524536 0
2209 2526745 0
2210 2528955 0
2211 2531166 0
2212 2533378 0
2213 2535591 0
2214 2537805 0
2215 2540020 0
2216 2542236 0
2217 2544453 0
2218 2546671 0
2219 2548890 0
2220 2551110 0
2221 2553331 0
2222 2555553 0
2223 2557776 0
2224 2560000 0
2225 2562225 0
2226 2564500 2
2227 2566800 2
2228 2569100 2
2229 2571400 2
2230 2573700 2
2231 2576000 2
2232 2578300 2
2233 2580600 2
2234 2582900 2
2235 2585200 2
2236 2587500 2
2237 2589800 2
2238 2592100 2
2239 2594400 2
2240 2596700 2
2241 2599000 2
2242 2601300 2
2243 2603600 2
2244 2605900 2
2245 2608200 2
2246 2610500 2
2247 2612800 2
2248 2615100 2
2249 2617400 2
2250 2619700 2
2251 2622000 2
2252 2624300 2
2253 2626600 2
2254 2628900 2
2255 2631200 2
2256 2633500 2
2257 2635800 2
2258 2638100 2
2259 2640400 2
2260 2642700 2
2261 2645000 2
2262 2647300 2
2263 2649600 2
2264 2651900 2
2265 2654200 2
2266 2656500 2
2267 2658800 2
2268 2661100 2
2269 2663400 2
2270 2665700 2
2271 2668000 2
2272 2670300 2
2273 2672600 2
2274 2674900 2
2275 2677200 2
2276 2679500 2
2277 2681800 2
2278 2684100 2
2279 2686400 2
2280 2688700 2
2281 2691000 2
2282 2693300 2
2283 2695600 2
2284 2697900 2
2285 2700200 2
2286 2702500 2
2287 2704800 2
2288 2707100 2
2289 2709400 2
2290 2711700 2
2291 2714000 2
2292 2716300 2
2293 2718600 2
2294 2720900 2
2295 2723200 2
2296 2725500 2
2297 2727800 2
2298 2730100 2
2299 2732400 2
2300 2734700 1
2301 2737001 0
2302 2739303 0
2303 2741606 0
2304 2743910 0
2305 2746215 0
2306 2748521 0
2307 2750828 0
2308 2753136 0
2309 2755445 0
2310 2757755 0
2311 2760066 0
2312 2762378 0
2313 2764691 0
2314 2767005 0
2315 2769320 0
2316 2771636 0
2317 2773953 0
2318 2776271 0
2319 2778590 0
2320 2780910 0
2321 2783231 0
2322 2785553 0
2323 2787876 0
2324 2790200 0
2325 2792525 0
2326 2794851 0
2327 2797200 2
2328 2799600 2
2329 2802000 2
2330 2804400 2
2331 2806800 2
2332 2809200 2
2333 2811600 2
2334 2814000 2
2335 2816400 2
2336 2818800 2
2337 2821200 2
2338 2823600 2
2339 2826000 2
2340 2828400 2
2341 2830800 2
2342 2833200 2
2343 2835600 2
2344 2838000 2
2345 2840400 2
2346 2842800 2
2347 2845200 2
2348 2847600 2
2349 2850000 2
2350 2852400 2
2351 2854800 2
2352 2857200 2
2353 2859600 2
2354 2862000 2
2355 2864400 2
2356 2866800 2
2357 2869200 2
2358 2871600 2
2359 2874000 2
2360 2876400 2
2361 2878800 2
2362 2881200 2
2363 2883600 2
2364 2886000 2
2365 2888400 2
2366 2890800 2
2367 2893200 2
2368 2895600 2
2369 2898000 2
2370 2900400 2
2371 2902800 2
2372 2905200 2
2373 2907600 2
2374 2910000 2
2375 2912400 2
2376 2914800 2
2377 2917200 2
2378 2919600 2
2379 2922000 2
2380 2924400 2
2381 2926800 2
2382 2929200 2
2383 2931600 2
2384 2934000 2
2385 2936400 2
2386 2938800 2
2387 2941200 2
2388 2943600 2
2389 2946000 2
2390 2948400 2
2391 2950800 2
2392 2953200 2
2393 2955600 2
2394 2958000 2
2395 2960400 2
2396 2962800 2
2397 2965200 2
2398 2967600 2
2399 2970000 2
2400 2972400 1
2401 2974801 0
2402 2977203 0
2403 2979606 0
2404 2982010 0
2405 2984415 0
2406 2986821 0
2407 2989228 0
2408 2991636 0
2409 2994045 0
2410 2996455 0
2411 2998866 0
2412 3001278 0
2413 3003691 0
2414 3006105 0
2415 3008520 0
2416 3010936 0
2417 3013353 0
2418 3015771 0
2419 3018190 0
2420 3020610 0
2421 3023031 0
2422 3025453 0
2423 3027876 0
2424 3030300 0
2425 3032725 0
2426 3035151 0
2427 3037578 0
2428 3040006 0
2429 3042500 2
2430 3045000 2
2431 3047500 2
2432 3050000 2
2433 3052500 2
2434 3055000 2
2435 3057500 2
2436 3060000 2
2437 3062500 2
2438 3065000 2
2439 3067500 2
2440 3070000 2
2441 3072500 2
2442 3075000 2
2443 3077500 2
2444 3080000 2
2445 3082500 2
2446 3085000 2
2447 3087500 2
2448 3090000 2
2449 3092500 2
2450 3095000 2
2451 3097500 2
2452 3100000 2
2453 3102500 2
2454 3105000 2
2455 3107500 2
2456 3110000 2
2457 3112500 2
2458 3115000 2
2459 3117500 2
2460 3120000 2
2461 3122500 2
2462 3125000 2
2463 3127500 2
2464 3130000 2
2465 3132500 2
2466 3135000 2
2467 3137500 2
2468 3140000 2
2469 3142500 2
2470 3145000 2
2471 3147500 2
2472 3150000 2
2473 3152500 2
2474 3155000 2
2475 3157500 2
2476 3160000 2
2477 3162500 2
2478 3165000 2
2479 3167500 2
2480 3170000 2
2481 3172500 2
2482 3175000 2
2483 3177500 2
2484 3180000 2
2485 3182500 2
2486 3185000 2
2487 3187500 2
2488 3190000 2
2489 3192500 2
2490 3195000 2
2491 3197500 2
2492 3200000 2
2493 3202500 2
2494 3205000 2
2495 3207500 2
2496 3210000 2
2497 3212500 2
2498 3215000 2
2499 3217500 2
2500 3220000 1
2501 3222501 0
2502 3225003 0
2503 3227506 0
2504 3230010 0
2505 3232515 0
2506 3235021 0
2507 3237528 0
2508 3240036 0
2509 3242545 0
2510 3245055 0
2511 3247566 0
2512 3250078 0
2513 3252591 0
2514 3255105 0
2515 3257620 0
2516 3260136 0
2517 3262653 0
2518 3265171 0
2519 3267690 0
2520 3270210 0
2521 3272731 0
2522 3275253 0
2523 3277776 0
2524 3280300 0
2525 3282825 0
2526 3285351 0
2527 3287878 0
2528 3290406 0
2529 3292935 0
2530 3295500 2
2531 3298100 2
2532 3300700 2
2533 3303300 2
2534 3305900 2
2535 3308500 2
2536 3311100 2
2537 3313700 2
2538 3316300 2
2539 3318900 2
2540 3321500 2
2541 3324100 2
2542 3326700 2
2543 3329300 2
2544 3331900 2
2545 3334500 2
2546 3337100 2
2547 3339700 2
2548 3342300 2
2549 3344900 2
2550 3347500 2
2551 3350100 2
2552 3352700 2
2553 3355300 2
2554 3357900 2
2555 3360500 2
2556 3363100 2
2557 3365700 2
2558 3368300 2
2559 3370900 2
2560 3373500 2
2561 3376100 2
2562 3378700 2
2563 3381300 2
2564 3383900 2
2565 3386500 2
2566 3389100 2
2567 3391700 2
2568 3394300 2
2569 3396900 2
2570 3399500 2
2571 3402100 2
2572 3404700 2
2573 3407300 2
2574 3409900 2
2575 3412500 2
2576 3415100 2
2577 3417700 2
2578 3420300 2
2579 3422900 2
2580 3425500 2
2581 3428100 2
2582 3430700 2
2583 3433300 2
2584 3435900 2
2585 3438500 2
2586 3441100 2
2587 3443700 2
2588 3446300 2
2589 3448900 2
2590 3451500 2
2591 3454100 2
2592 3456700 2
2593 3459300 2
2594 3461900 2
2595 3464500 2
2596 3467100 2
2597 3469700 2
2598 3472300 2
2599 3474900 2
2600 3477500 1
2601 3480101 0
2602 3482703 0
2603 3485306 0
2604 3487910 0
2605 3490515 0
2606 3493121 0
2607 3495728 0
2608 3498336 0
2609 3500945 0
2610 3503555 0
2611 3506166 0
2612 3508778 0
2613 3511391 0
2614 3514005 0
2615 3516620 0
2616 3519236 0
2617 3521853 0
2618 3524471 0
2619 3527090 0
2620 3529710 0
2621 3532331 0
2622 3534953 0
2623 3537576 0
2624 3540200 0
2625 3542825 0
2626 3545451 0
2627 3548078 0
2628 3550706 0
2629 3553335 0
2630 3555965 0
2631 3558600 2
2632 3561300 2
2633 3564000 2
2634 3566700 2
2635 3569400 2
2636 3572100 2
2637 3574800 2
2638 3577500 2
2639 3580200 2
2640 3582900 2
2641 3585600 2
2642 3588300 2
2643 3591000 2
2644 3593700 2
2645 3596400 2
2646 3599100 2
2647 3601800 2
2648 3604500 2
2649 3607200 2
2650 3609900 2
2651 3612600 2
2652 3615300 2
2653 3618000 2
2654 3620700 2
2655 3623400 2
2656 3626100 2
2657 3628800 2
2658 3631500 2
2659 3634200 2
2660 3636900 2
2661 3639600 2
2662 3642300 2
2663 3645000 2
2664 3647700 2
2665 3650400 2
2666 3653100 2
2667 3655800 2
2668 3658500 2
2669 3661200 2
2670 3663900 2
2671 3666600 2
2672 3669300 2
2673 3672000 2
2674 3674700 2
2675 3677400 2
2676 3680100 2
2677 3682800 2
2678 3685500 2
2679 3688200 2
2680 3690900 2
2681 3693600 2
2682 3696300 2
2683 3699000 2
2684 3701700 2
2685 3704400 2
2686 3707100 2
2687 3709800 2
2688 3712500 2
2689 3715200 2
2690 3717900 2
2691 3720600 2
2692 3723300 2
2693 3726000 2
2694 3728700 2
2695 3731400 2
2696 3734100 2
2697 3736800 2
2698 3739500 2
2699 3742200 2
2700 3744900 1
2701 3747601 0
2702 3750303 0
2703 3753006 0
2704 3755710 0
2705 3758415 0
2706 3761121 0
2707 3763828 0
2708 3766536 0
2709 3769245 0
2710 3771955 0
2711 3774666 0
2712 3777378 0
2713 3780091 0
2714 3782805 0
2715 3785520 0
2716 3788236 0
2717 3790953 0
2718 3793671 0
2719 3796390 0
2720 3799110 0
2721 3801831 0
2722 3804553 0
2723 3807276 0
2724 3810000 0
2725 3812725 0
2726 3815451 0
2727 3818178 0
2728 3820906 0
2729 3823635 0
2730 3826365 0
2731 3829096 0
2732 3831828 0
2733 3834600 2
2734 3837400 2
2735 3840200 2
2736 3843000 2
2737 3845800 2
2738 3848600 2
2739 3851400 2
2740 3854200 2
2741 3857000 2
2742 3859800 2
2743 3862600 2
2744 3865400 2
2745 3868200 2
2746 3871000 2
2747 3873800 2
2748 3876600 2
2749 3879400 2
2750 3882200 2
2751 3885000 2
2752 3887800 2
2753 3890600 2
2754 3893400 2
2755 3896200 2
2756 3899000 2
2757 3901800 2
2758 3904600 2
2759 3907400 2
2760 3910200 2
2761 3913000 2
2762 3915800 2
2763 3918600 2
2764 3921400 2
2765 3924200 2
2766 3927000 2
2767 3929800 2
2768 3932600 2
2769 3935400 2
2770 3938200 2
2771 3941000 2
2772 3943800 2
2773 3946600 2
2774 3949400 2
2775 3952200 2
2776 3955000 2
2777 3957800 2
2778 3960600 2
2779 3963400 2
2780 3966200 2
2781 3969000 2
2782 3971800 2
2783 3974600 2
2784 3977400 2
2785 3980200 2
2786 3983000 2
2787 3985800 2
2788 3988600 2
2789 3991400 2
2790 3994200 2
2791 3997000 2
2792 3999800 2
2793 4002600 2
2794 4005400 2
2795 4008200 2
2796 4011000 2
2797 4013800 2
2798 4016600 2
2799 4019400 2
2800 4022200 1
2801 4025001 0
2802 4027803 0
2803 4030606 0
2804 4033410 0
2805 4036215 0
2806 4039021 0
2807 4041828 0
2808 4044636 0
2809 4047445 0
2810 4050255 0
2811 4053066 0
2812 4055878 0
2813 4058691 0
2814 4061505 0
2815 4064320 0
2816 4067136 0
2817 4069953 0
2818 4072771 0
2819 4075590 0
2820 4078410 0
2821 4081231 0
2822 4084053 0
2823 4086876 0
2824 4089700 0
2825 4092525 0
2826 4095351 0
2827 4098178 0
2828 4101006 0
2829 4103835 0
2830 4106665 0
2831 4109496 0
2832 4112328 0
2833 4115161 0
2834 4118000 2
2835 4120900 2
2836 4123800 2
2837 4126700 2
2838 4129600 2
2839 4132500 2
2840 4135400 2
2841 4138300 2
2842 4141200 2
2843 4144100 2
2844 4147000 2
2845 4149900 2
2846 4152800 2
2847 4155700 2
2848 4158600 2
2849 4161500 2
2850 4164400 2
2851 4167300 2
2852 4170200 2
2853 4173100 2
2854 4176000 2
2855 4178900 2
2856 4181800 2
2857 4184700 2
2858 4187600 2
2859 4190500 2
2860 4193400 2
2861 4196300 2
2862 4199200 2
2863 4202100 2
2864 4205000 2
2865 4207900 2
2866 4210800 2
2867 4213700 2
2868 4216600 2
2869 4219500 2
2870 4222400 2
2871 4225300 2
2872 4228200 2
2873 4231100 2
2874 4234000 2
2875 4236900 2
2876 4239800 2
2877 4242700 2
2878 4245600 2
2879 4248500 2
2880 4251400 2
2881 4254300 2
2882 4257200 2
2883 4260100 2
2884 4263000 2
2885 4265900 2
2886 4268800 2
2887 4271700 2
2888 4274600 2
2889 4277500 2
2890 4280400 2
2891 4283300 2
2892 4286200 2
2893 4289100 2
2894 4292000 2
2895 4294900 2
2896 4297800 2
2897 4300700 2
2898 4303600 2
2899 4306500 2
2900 4309400 1
2901 4312301 0
2902 4315203 0
2903 4318106 0
2904 4321010 0
2905 4323915 0
2906 4326821 0
2907 4329728 0
2908 4332636 0
2909 4335545 0
2910 4338455 0
2911 4341366 0
2912 4344278 0
2913 4347191 0
2914 4350105 0
2915 4353020 0
2916 4355936 0
2917 4358853 0
2918 4361771 0
2919 4364690 0
2920 4367610 0
2921 4370531 0
2922 4373453 0
2923 4376376 0
2924 4379300 0
2925 4382225 0
2926 4385151 0
2927 4388078 0
2928 4391006 0
2929 4393935 0
2930 4396865 0
2931 4399796 0
2932 4402728 0
2933 4405661 0
2934 4408595 0
2935 4411530 0
2936 4414500 2
2937 4417500 2
2938 4420500 2
2939 4423500 2
2940 4426500 2
2941 4429500 2
2942 4432500 2
2943 4435500 2
2944 4438500 2
2945 4441500 2
2946 4444500 2
2947 4447500 2
2948 4450500 2
2949 4453500 2
2950 4456500 2
2951 4459500 2
2952 4462500 2
2953 4465500 2
2954 4468500 2
2955 4471500 2
2956 4474500 2
2957 4477500 2
2958 4480500 2
2959 4483500 2
2960 4486500 2
2961 4489500 2
2962 4492500 2
2963 4495500 2
2964 4498500 2
2965 4501500 2
2966 4504500 2
2967 4507500 2
2968 4510500 2
2969 4513500 2
2970 4516500 2
2971 4519500 2
2972 4522500 2
2973 4525500 2
2974 4528500 2
2975 4531500 2
2976 4534500 2
2977 4537500 2
2978 4540500 2
2979 4543500 2
2980 4546500 2
2981 4549500 2
2982 4552500 2
2983 4555500 2
2984 4558500 2
2985 4561500 2
2986 4564500 2
2987 4567500 2
2988 4570500 2
2989 4573500 2
2990 4576500 2
2991 4579500 2
2992 4582500 2
2993 4585500 2
2994 4588500 2
2995 4591500 2
2996 4594500 2
2997 4597500 2
2998 4600500 2
2999 4603500 2
3000 4606500 1
3001 4609501 0
3002 4612503 0
3003 4615506 0
3004 4618510 0
3005 4621515 0
3006 4624521 0
3007 4627528 0
3008 4630536 0
3009 4633545 0
3010 4636555 0
3011 4639566 0
3012 4642578 0
3013 4645591 0
3014 4648605 0
3015 4651620 0
3016 4654636 0
3017 4657653 0
3018 4660671 0
3019 4663690 0
3020 4666710 0
3021 4669731 0
3022 4672753 0
3023 4675776 0
3024 4678800 0
3025 4681825 0
3026 4684851 0
3027 4687878 0
3028 4690906 0
3029 4693935 0
3030 4696965 0
3031 4699996 0
3032 4703028 0
3033 4706061 0
3034 4709095 0
3035 4712130 0
3036 4715166 0
3037 4718203 0
3038 4721300 2
3039 4724400 2
3040 4727500 2
3041 4730600 2
3042 4733700 2
3043 4736800 2
3044 4739900 2
3045 4743000 2
3046 4746100 2
3047 4749200 2
3048 4752300 2
3049 4755400 2
3050 4758500 2
3051 4761600 2
3052 4764700 2
3053 4767800 2
3054 4770900 2
3055 4774000 2
3056 4777100 2
3057 4780200 2
3058 4783300 2
3059 4786400 2
3060 4789500 2
3061 4792600 2
3062 4795700 2
3063 4798800 2
3064 4801900 2
3065 4805000 2
3066 4808100 2
3067 4811200 2
3068 4814300 2
3069 4817400 2
3070 4820500 2
3071 4823600 2
3072 4826700 2
3073 4829800 2
3074 4832900 2
3075 4836000 2
3076 4839100 2
3077 4842200 2
3078 4845300 2
3079 4848400 2
3080 4851500 2
3081 4854600 2
3082 4857700 2
3083 4860800 2
3084 4863900 2
3085 4867000 2
3086 4870100 2
3087 4873200 2
3088 4876300 2
3089 4879400 2
3090 4882500 2
3091 4885600 2
3092 4888700 2
3093 4891800 2
3094 4894900 2
3095 4898000 2
3096 4901100 2
3097 4904200 2
3098 4907300 2
3099 4910400 2
3100 4913500 1
3101 4916601 0
3102 4919703 0
3103 4922806 0
3104 4925910 0
3105 4929015 0
3106 4932121 0
3107 4935228 0
3108 4938336 0
3109 4941445 0
3110 4944555 0
3111 4947666 0
3112 4950778 0
3113 4953891 0
3114 4957005 0
3115 4960120 0
3116 4963236 0
3117 4966353 0
3118 4969471 0
3119 4972590 0
3120 4975710 0
3121 4978831 0
3122 4981953 0
3123 4985076 0
3124 4988200 0
3125 4991325 0
3126 4994451 0
3127 4997578 0
3128 5000706 0
3129 5003835 0
3130 5006965 0
3131 5010096 0
3132 5013228 0
3133 5016361 0
3134 5019495 0
3135 5022630 0
3136 5025766 0
3137 5028903 0
3138 5032041 0
3139 5035200 2
3140 5038400 2
3141 5041600 2
3142 5044800 2
3143 5048000 2
3144 5051200 2
3145 5054400 2
3146 5057600 2
3147 5060800 2
3148 5064000 2
3149 5067200 2
3150 5070400 2
3151 5073600 2
3152 5076800 2
3153 5080000 2
3154 5083200 2
3155 5086400 2
3156 5089600 2
3157 5092800 2
3158 5096000 2
3159 5099200 2
3160 5102400 2
3161 5105600 2
3162 5108800 2
3163 5112000 2
3164 5115200 2
3165 5118400 2
3166 5121600 2
3167 5124800 2
3168 5128000 2
3169 5131200 2
3170 5134400 2
3171 5137600 2
3172 5140800 2
3173 5144000 2
3174 5147200 2
3175 5150400 2
3176 5153600 2
3177 5156800 2
3178 5160000 2
3179 5163200 2
3180 5166400 2
3181 5169600 2
3182 5172800 2
3183 5176000 2
3184 5179200 2
3185 5182400 2
3186 5185600 2
3187 5188800 2
3188 5192000 2
3189 5195200 2
3190 5198400 2
3191 5201600 2
3192 5204800 2
3193 5208000 2
3194 5211200 2
3195 5214400 2
3196 5217600 2
3197 5220800 2
3198 5224000 2
3199 5227200 2
3200 5230400 1
3201 5233601 0
3202 5236803 0
3203 5240006 0
3204 5243210 0
3205 5246415 0
3206 5249621 0
3207 5252828 0
3208 5256036 0
3209 5259245 0
3210 5262455 0
3211 5265666 0
3212 5268878 0
3213 5272091 0
3214 5275305 0
3215 5278520 0
3216 5281736 0
3217 5284953 0
3218 5288171 0
3219 5291390 0
3220 5294610 0
3221 5297831 0
3222 5301053 0
3223 5304276 0
3224 5307500 0
3225 5310725 0
3226 5313951 0
3227 5317178 0
3228 5320406 0
3229 5323635 0
3230 5326865 0
3231 5330096 0
3232 5333328 0
3233 5336561 0
3234 5339795 0
3235 5343030 0
3236 5346266 0
3237 5349503 0
3238 5352741 0
3239 5355980 0
3240 5359220 0
3241 5362500 2
3242 5365800 2
3243 5369100 2
3244 5372400 2
3245 5375700 2
3246 5379000 2
3247 5382300 2
3248 5385600 2
3249 5388900 2
3250 5392200 2
3251 5395500 2
3252 5398800 2
3253 5402100 2
3254 5405400 2
3255 5408700 2
3256 5412000 2
3257 5415300 2
3258 5418600 2
3259 5421900 2
3260 5425200 2
3261 5428500 2
3262 5431800 2
3263 5435100 2
3264 5438400 2
3265 5441700 2
3266 5445000 2
3267 5448300 2
3268 5451600 2
3269 5454900 2
3270 5458200 2
3271 5461500 2
3272 5464800 2
3273 5468100 2
3274 5471400 2
3275 5474700 2
3276 5478000 2
3277 5481300 2
3278 5484600 2
3279 5487900 2
3280 5491200 2
3281 5494500 2
3282 5497800 2
3283 5501100 2
3284 5504400 2
3285 5507700 2
3286 5511000 2
3287 5514300 2
3288 5517600 2
3289 5520900 2
3290 5524200 2
3291 5527500 2
3292 5530800 2
3293 5534100 2
3294 5537400 2
3295 5540700 2
3296 5544000 2
3297 5547300 2
3298 5550600 2
3299 5553900 2
3300 5557200 1
3301 5560501 0
3302 5563803 0
3303 5567106 0
3304 5570410 0
3305 5573715 0
3306 5577021 0
3307 5580328 0
3308 5583636 0
3309 5586945 0
3310 5590255 0
3311 5593566 0
3312 5596878 0
3313 5600191 0
3314 5603505 0
3315 5606820 0
3316 5610136 0
3317 5613453 0
3318 5616771 0
3319 5620090 0
3320 5623410 0
3321 5626731 0
3322 5630053 0
3323 5633376 0
3324 5636700 0
3325 5640025 0
3326 5643351 0
3327 5646678 0
3328 5650006 0
3329 5653335 0
3330 5656665 0
3331 5659996 0
3332 5663328 0
3333 5666661 0
3334 5669995 0
3335 5673330 0
3336 5676666 0
3337 5680003 0
3338 5683341 0
3339 5686680 0
3340 5690020 0
3341 5693361 0
3342 5696703 0
3343 5700100 2
3344 5703500 2
3345 5706900 2
3346 5710300 2
3347 5713700 2
3348 5717100 2
3349 5720500 2
3350 5723900 2
3351 5727300 2
3352 5730700 2
3353 5734100 2
3354 5737500 2
3355 5740900 2
3356 5744300 2
3357 5747700 2
3358 5751100 2
3359 5754500 2
3360 5757900 2
3361 5761300 2
3362 5764700 2
3363 5768100 2
3364 5771500 2
3365 5774900 2
3366 5778300 2
3367 5781700 2
3368 5785100 2
3369 5788500 2
3370 5791900 2
3371 5795300 2
3372 5798700 2
3373 5802100 2
3374 5805500 2
3375 5808900 2
3376 5812300 2
3377 5815700 2
3378 5819100 2
3379 5822500 2
3380 5825900 2
3381 5829300 2
3382 5832700 2
3383 5836100 2
3384 5839500 2
3385 5842900 2
3386 5846300 2
3387 5849700 2
3388 5853100 2
3389 5856500 2
3390 5859900 2
3391 5863300 2
3392 5866700 2
3393 5870100 2
3394 5873500 2
3395 5876900 2
3396 5880300 2
3397 5883700 2
3398 5887100 2
3399 5890500 2
3400 5893900 1
3401 5897301 0
3402 5900703 0
3403 5904106 0
3404 5907510 0
3405 5910915 0
3406 5914321 0
3407 5917728 0
3408 5921136 0
3409 5924545 0
3410 5927955 0
3411 5931366 0
3412 5934778 0
3413 5938191 0
3414 5941605 0
3415 5945020 0
3416 5948436 0
3417 5951853 0
3418 5955271 0
3419 5958690 0
3420 5962110 0
3421 5965531 0
3422 5968953 0
3423 5972376 0
3424 5975800 0
3425 5979225 0
3426 5982651 0
3427 5986078 0
3428 5989506 0
3429 5992935 0
3430 5996365 0
3431 5999796 0
3432 6003228 0
3433 6006661 0
3434 6010095 0
3435 6013530 0
3436 6016966 0
3437 6020403 0
3438 6023841 0
3439 6027280 0
3440 6030720 0
3441 6034161 0
3442 6037603 0
3443 6041046 0
3444 6044500 2
3445 6048000 2
3446 6051500 2
3447 6055000 2
3448 6058500 2
3449 6062000 2
3450 6065500 2
3451 6069000 2
3452 6072500 2
3453 6076000 2
3454 6079500 2
3455 6083000 2
3456 6086500 2
3457 6090000 2
3458 6093500 2
3459 6097000 2
3460 6100500 2
3461 6104000 2
3462 6107500 2
3463 6111000 2
3464 6114500 2
3465 6118000 2
3466 6121500 2
3467 6125000 2
3468 6128500 2
3469 6132000 2
3470 6135500 2
3471 6139000 2
3472 6142500 2
3473 6146000 2
3474 6149500 2
3475 6153000 2
3476 6156500 2
3477 6160000 2
3478 6163500 2
3479 6167000 2
3480 6170500 2
3481 6174000 2
3482 6177500 2
3483 6181000 2
3484 6184500 2
3485 6188000 2
3486 6191500 2
3487 6195000 2
3488 6198500 2
3489 6202000 2
3490 6205500 2
3491 6209000 2
3492 6212500 2
3493 6216000 2
3494 6219500 2
3495 6223000 2
3496 6226500 2
3497 6230000 2
3498 6233500 2
3499 6237000 2
3500 6240500 1
3501 6244001 0
3502 6247503 0
3503 6251006 0
3504 6254510 0
3505 6258015 0
3506 6261521 0
3507 6265028 0
3508 6268536 0
3509 6272045 0
3510 6275555 0
3511 6279066 0
3512 6282578 0
3513 6286091 0
3514 6289605 0
3515 6293120 0
3516 6296636 0
3517 6300153 0
3518 6303671 0
3519 6307190 0
3520 6310710 0
3521 6314231 0
3522 6317753 0
3523 6321276 0
3524 6324800 0
3525 6328325 0
3526 6331851 0
3527 6335378 0
3528 6338906 0
3529 6342435 0
3530 6345965 0
3531 6349496 0
3532 6353028 0
3533 6356561 0
3534 6360095 0
3535 6363630 0
3536 6367166 0
3537 6370703 0
3538 6374241 0
3539 6377780 0
3540 6381320 0
3541 6384861 0
3542 6388403 0
3543 6391946 0
3544 6395490 0
3545 6399035 0
3546 6402600 2
3547 6406200 2
3548 6409800 2
3549 6413400 2
3550 6417000 2
3551 6420600 2
3552 6424200 2
3553 6427800 2
3554 6431400 2
3555 6435000 2
3556 6438600 2
3557 6442200 2
3558 6445800 2
3559 6449400 2
3560 6453000 2
3561 6456600 2
3562 6460200 2
3563 6463800 2
3564 6467400 2
3565 6471000 2
3566 6474600 2
3567 6478200 2
3568 6481800 2
3569 6485400 2
3570 6489000 2
3571 6492600 2
3572 6496200 2
3573 6499800 2
3574 6503400 2
3575 6507000 2
3576 6510600 2
3577 6514200 2
3578 6517800 2
3579 6521400 2
3580 6525000 2
3581 6528600 2
3582 6532200 2
3583 6535800 2
3584 6539400 2
3585 6543000 2
3586 6546600 2
3587 6550200 2
3588 6553800 2
3589 6557400 2
3590 6561000 2
3591 6564600 2
3592 6568200 2
3593 6571800 2
3594 6575400 2
3595 6579000 2
3596 6582600 2
3597 6586200 2
3598 6589800 2
3599 6593400 2
3600 6597000 1
3601 6600601 0
3602 6604203 0
3603 6607806 0
3604 6611410 0
3605 6615015 0
3606 6618621 0
3607 6622228 0
3608 6625836 0
3609 6629445 0
3610 6633055 0
3611 6636666 0
3612 6640278 0
3613 6643891 0
3614 6647505 0
3615 6651120 0
3616 6654736 0
3617 6658353 0
3618 6661971 0
3619 6665590 0
3620 6669210 0
3621 6672831 0
3622 6676453 0
3623 6680076 0
3624 6683700 0
3625 6687325 0
3626 6690951 0
3627 6694578 0
3628 6698206 0
3629 6701835 0
3630 6705465 0
3631 6709096 0
3632 6712728 0
3633 6716361 0
3634 6719995 0
3635 6723630 0
3636 6727266 0
3637 6730903 0
3638 6734541 0
3639 6738180 0
3640 6741820 0
3641 6745461 0
3642 6749103 0
3643 6752746 0
3644 6756390 0
3645 6760035 0
3646 6763681 0
3647 6767328 0
3648 6771000 2
3649 6774700 2
3650 6778400 2
3651 6782100 2
3652 6785800 2
3653 6789500 2
3654 6793200 2
3655 6796900 2
3656 6800600 2
3657 6804300 2
3658 6808000 2
3659 6811700 2
3660 6815400 2
3661 6819100 2
3662 6822800 2
3663 6826500 2
3664 6830200 2
3665 6833900 2
3666 6837600 2
3667 6841300 2
3668 6845000 2
3669 6848700 2
3670 6852400 2
3671 6856100 2
3672 6859800 2
3673 6863500 2
3674 6867200 2
3675 6870900 2
3676 6874600 2
3677 6878300 2
3678 6882000 2
3679 6885700 2
3680 6889400 2
3681 6893100 2
3682 6896800 2
3683 6900500 2
3684 6904200 2
3685 6907900 2
3686 6911600 2
3687 6915300 2
3688 6919000 2
3689 6922700 2
3690 6926400 2
3691 6930100 2
3692 6933800 2
3693 6937500 2
3694 6941200 2
3695 6944900 2
3696 6948600 2
3697 6952300 2
3698 6956000 2
3699 6959700 2
3700 6963400 1
3701 6967101 0
3702 6970803 0
3703 6974506 0
3704 6978210 0
3705 6981915 0
3706 6985621 0
3707 6989328 0
3708 6993036 0
3709 6996745 0
3710 7000455 0
3711 7004166 0
3712 7007878 0
3713 7011591 0
3714 7015305 0
3715 7019020 0
3716 7022736 0
3717 7026453 0
3718 7030171 0
3719 7033890 0
3720 7037610 0
3721 7041331 0
3722 7045053 0
3723 7048776 0
3724 7052500 0
3725 7056225 0
3726 7059951 0
3727 7063678 0
3728 7067406 0
3729 7071135 0
3730 7074865 0
3731 7078596 0
3732 7082328 0
3733 7086061 0
3734 7089795 0
3735 7093530 0
3736 7097266 0
3737 7101003 0
3738 7104741 0
3739 7108480 0
3740 7112220 0
3741 7115961 0
3742 7119703 0
3743 7123446 0
3744 7127190 0
3745 7130935 0
3746 7134681 0
3747 7138428 0
3748 7142176 0
3749 7145925 0
3750 7149700 2
3751 7153500 2
3752 7157300 2
3753 7161100 2
3754 7164900 2
3755 7168700 2
3756 7172500 2
3757 7176300 2
3758 7180100 2
3759 7183900 2
3760 7187700 2
3761 7191500 2
3762 7195300 2
3763 7199100 2
3764 7202900 2
3765 7206700 2
3766 7210500 2
3767 7214300 2
3768 7218100 2
3769 7221900 2
3770 7225700 2
3771 7229500 2
3772 7233300 2
3773 7237100 2
3774 7240900 2
3775 7244700 2
3776 7248500 2
3777 7252300 2
3778 7256100 2
3779 7259900 2
3780 7263700 2
3781 7267500 2
3782 7271300 2
3783 7275100 2
3784 7278900 2
3785 7282700 2
3786 7286500 2
3787 7290300 2
3788 7294100 2
3789 7297900 2
3790 7301700 2
3791 7305500 2
3792 7309300 2
3793 7313100 2
3794 7316900 2
3795 7320700 2
3796 7324500 2
3797 7328300 2
3798 7332100 2
3799 7335900 2
3800 7339700 1
3801 7343501 0
3802 7347303 0
3803 7351106 0
3804 7354910 0
3805 7358715 0
3806 7362521 0
3807 7366328 0
3808 7370136 0
3809 7373945 0
3810 7377755 0
3811 7381566 0
3812 7385378 0
3813 7389191 0
3814 7393005 0
3815 7396820 0
3816 7400636 0
3817 7404453 0
3818 7408271 0
3819 7412090 0
3820 7415910 0
3821 7419731 0
3822 7423553 0
3823 7427376 0
3824 7431200 0
3825 7435025 0
3826 7438851 0
3827 7442678 0
3828 7446506 0
3829 7450335 0
3830 7454165 0
3831 7457996 0
3832 7461828 0
3833 7465661 0
3834 7469495 0
3835 7473330 0
3836 7477166 0
3837 7481003 0
3838 7484841 0
3839 7488680 0
3840 7492520 0
3841 7496361 0
3842 7500203 0
3843 7504046 0
3844 7507890 0
3845 7511735 0
3846 7515581 0
3847 7519428 0
3848 7523276 0
3849 7527125 0
3850 7530975 0
3851 7534826 0
3852 7538700 2
3853 7542600 2
3854 7546500 2
3855 7550400 2
3856 7554300 2
3857 7558200 2
3858 7562100 2
3859 7566000 2
3860 7569900 2
3861 7573800 2
3862 7577700 2
3863 7581600 2
3864 7585500 2
3865 7589400 2
3866 7593300 2
3867 7597200 2
3868 7601100 2
3869 7605000 2
3870 7608900 2
3871 7612800 2
3872 7616700 2
3873 7620600 2
3874 7624500 2
3875 7628400 2
3876 7632300 2
3877 7636200 2
3878 7640100 2
3879 7644000 2
3880 7647900 2
3881 7651800 2
3882 7655700 2
3883 7659600 2
3884 7663500 2
3885 7667400 2
3886 7671300 2
3887 7675200 2
3888 7679100 2
3889 7683000 2
3890 7686900 2
3891 7690800 2
3892 7694700 2
3893 7698600 2
3894 7702500 2
3895 7706400 2
3896 7710300 2
3897 7714200 2
3898 7718100 2
3899 7722000 2
3900 7725900 1
3901 7729801 0
3902 7733703 0
3903 7737606 0
3904 7741510 0
3905 7745415 0
3906 7749321 0
3907 7753228 0
3908 7757136 0
3909 7761045 0
3910 7764955 0
3911 7768866 0
3912 7772778 0
3913 7776691 0
3914 7780605 0
3915 7784520 0
3916 7788436 0
3917 7792353 0
3918 7796271 0
3919 7800190 0
3920 7804110 0
3921 7808031 0
3922 7811953 0
3923 7815876 0
3924 7819800 0
3925 7823725 0
3926 7827651 0
3927 7831578 0
3928 7835506 0
3929 7839435 0
3930 7843365 0
3931 7847296 0
3932 7851228 0
3933 7855161 0
3934 7859095 0
3935 7863030 0
3936 7866966 0
3937 7870903 0
3938 7874841 0
3939 7878780 0
3940 7882720 0
3941 7886661 0
3942 7890603 0
3943 7894546 0
3944 7898490 0
3945 7902435 0
3946 7906381 0
3947 7910328 0
3948 7914276 0
3949 7918225 0
3950 7922175 0
3951 7926126 0
3952 7930078 0
3953 7934031 0
3954 7938000 2
3955 7942000 2
3956 7946000 2
3957 7950000 2
3958 7954000 2
3959 7958000 2
3960 7962000 2
3961 7966000 2
3962 7970000 2
3963 7974000 2
3964 7978000 2
3965 7982000 2
3966 7986000 2
3967 7990000 2
3968 7994000 2
3969 7998000 2
3970 8002000 2
3971 8006000 2
3972 8010000 2
3973 8014000 2
3974 8018000 2
3975 8022000 2
3976 8026000 2
3977 8030000 2
3978 8034000 2
3979 8038000 2
3980 8042000 2
3981 8046000 2
3982 8050000 2
3983 8054000 2
3984 8058000 2
3985 8062000 2
3986 8066000 2
3987 8070000 2
3988 8074000 2
3989 8078000 2
3990 8082000 2
3991 8086000 2
3992 8090000 2
3993 8094000 2
3994 8098000 2
3995 8102000 2
3996 8106000 2
3997 8110000 2
3998 8114000 2
3999 8118000 2
4000 8122000 1
4001 8126001 0
4002 8130003 0
4003 8134006 0
4004 8138010 0
4005 8142015 0
4006 8146021 0
4007 8150028 0
4008 8154036 0
4009 8158045 0
4010 8162055 0
4011 8166066 0
4012 8170078 0
4013 8174091 0
4014 8178105 0
4015 8182120 0
4016 8186136 0
4017 8190153 0
4018 8194171 0
4019 8198190 0
4020 8202210 0
4021 8206231 0
4022 8210253 0
4023 8214276 0
4024 8218300 0
4025 8222325 0
4026 8226351 0
4027 8230378 0
4028 8234406 0
4029 8238435 0
4030 8242465 0
4031 8246496 0
4032 8250528 0
4033 8254561 0
4034 8258595 0
4035 8262630 0
4036 8266666 0
4037 8270703 0
4038 8274741 0
4039 8278780 0
4040 8282820 0
4041 8286861 0
4042 8290903 0
4043 8294946 0
4044 8298990 0
4045 8303035 0
4046 8307081 0
4047 8311128 0
4048 8315176 0
4049 8319225 0
4050 8323275 0
4051 8327326 0
4052 8331378 0
4053 8335431 0
4054 8339485 0
4055 8343540 0
4056 8347600 2
4057 8351700 2
4058 8355800 2
4059 8359900 2
4060 8364000 2
4061 8368100 2
4062 8372200 2
4063 8376300 2
4064 8380400 2
4065 8384500 2
4066 8388600 2
4067 8392700 2
4068 8396800 2
4069 8400900 2
4070 8405000 2
4071 8409100 2
4072 8413200 2
4073 8417300 2
4074 8421400 2
4075 8425500 2
4076 8429600 2
4077 8433700 2
4078 8437800 2
4079 8441900 2
4080 8446000 2
4081 8450100 2
4082 8454200 2
4083 8458300 2
4084 8462400 2
4085 8466500 2
4086 8470600 2
4087 8474700 2
4088 8478800 2
4089 8482900 2
4090 8487000 2
4091 8491100 2
4092 8495200 2
4093 8499300 2
4094 8503400 2
4095 8507500 2
4096 8511600 2
4097 8515700 2
4098 8519800 2
4099 8523900 2
4100 8528000 1
4101 8532101 0
4102 8536203 0
4103 8540306 0
4104 8544410 0
4105 8548515 0
4106 8552621 0
4107 8556728 0
4108 8560836 0
4109 8564945 0
4110 8569055 0
4111 8573166 0
4112 8577278 0
4113 8581391 0
4114 8585505 0
4115 8589620 0
4116 8593736 0
4117 8597853 0
4118 8601971 0
4119 8606090 0
4120 8610210 0
4121 8614331 0
4122 8618453 0
4123 8622576 0
4124 8626700 0
4125 8630825 0
4126 8634951 0
4127 8639078 0
4128 8643206 0
4129 8647335 0
4130 8651465 0
4131 8655596 0
4132 8659728 0
4133 8663861 0
4134 8667995 0
4135 8672130 0
4136 8676266 0
4137 8680403 0
4138 8684541 0
4139 8688680 0
4140 8692820 0
4141 8696961 0
4142 8701103 0
4143 8705246 0
4144 8709390 0
4145 8713535 0
4146 8717681 0
4147 8721828 0
4148 8725976 0
4149 8730125 0
4150 8734275 0
4151 8738426 0
4152 8742578 0
4153 8746731 0
4154 8750885 0
4155 8755040 0
4156 8759196 0
4157 8763353 0
4158 8767511 0
4159 8771700 2
4160 8775900 2
4161 8780100 2
4162 8784300 2
4163 8788500 2
4164 8792700 2
4165 8796900 2
4166 8801100 2
4167 8805300 2
4168 8809500 2
4169 8813700 2
4170 8817900 2
4171 8822100 2
4172 8826300 2
4173 8830500 2
4174 8834700 2
4175 8838900 2
4176 8843100 2
4177 8847300 2
4178 8851500 2
4179 8855700 2
4180 8859900 2
4181 8864100 2
4182 8868300 2
4183 8872500 2
4184 8876700 2
4185 8880900 2
4186 8885100 2
4187 8889300 2
4188 8893500 2
4189 8897700 2
4190 8901900 2
4191 8906100 2
4192 8910300 2
4193 8914500 2
4194 8918700 2
4195 8922900 2
4196 8927100 2
4197 8931300 2
4198 8935500 2
4199 8939700 2
4200 8943900 1
4201 8948101 0
4202 8952303 0
4203 8956506 0
4204 8960710 0
4205 8964915 0
4206 8969121 0
4207 8973328 0
4208 8977536 0
4209 8981745 0
4210 8985955 0
4211 8990166 0
4212 8994378 0
4213 8998591 0
4214 9002805 0
4215 9007020 0
4216 9011236 0
4217 9015453 0
4218 9019671 0
4219 9023890 0
4220 9028110 0
4221 9032331 0
4222 9036553 0
4223 9040776 0
4224 9045000 0
4225 9049225 0
4226 9053451 0
4227 9057678 0
4228 9061906 0
4229 9066135 0
4230 9070365 0
4231 9074596 0
4232 9078828 0
4233 9083061 0
4234 9087295 0
4235 9091530 0
4236 9095766 0
4237 9100003 0
4238 9104241 0
4239 9108480 0
4240 9112720 0
4241 9116961 0
4242 9121203 0
4243 9125446 0
4244 9129690 0
4245 9133935 0
4246 9138181 0
4247 9142428 0
4248 9146676 0
4249 9150925 0
4250 9155175 0
4251 9159426 0
4252 9163678 0
4253 9167931 0
4254 9172185 0
4255 9176440 0
4256 9180696 0
4257 9184953 0
4258 9189211 0
4259 9193470 0
4260 9197730 0
4261 9202000 2
4262 9206300 2
4263 9210600 2
4264 9214900 2
4265 9219200 2
4266 9223500 2
4267 9227800 2
4268 9232100 2
4269 9236400 2
4270 9240700 2
4271 9245000 2
4272 9249300 2
4273 9253600 2
4274 9257900 2
4275 9262200 2
4276 9266500 2
4277 9270800 2
4278 9275100 2
4279 9279400 2
4280 9283700 2
4281 9288000 2
4282 9292300 2
4283 9296600 2
4284 9300900 2
4285 9305200 2
4286 9309500 2
4287 9313800 2
4288 9318100 2
4289 9322400 2
4290 9326700 2
4291 9331000 2
4292 9335300 2
4293 9339600 2
4294 9343900 2
4295 9348200 2
4296 9352500 2
4297 9356800 2
4298 9361100 2
4299 9365400 2
4300 9369700 1
4301 9374001 0
4302 9378303 0
4303 9382606 0
4304 9386910 0
4305 9391215 0
4306 9395521 0
4307 9399828 0
4308 9404136 0
4309 9408445 0
4310 9412755 0
4311 9417066 0
4312 9421378 0
4313 9425691 0
4314 9430005 0
4315 9434320 0
4316 9438636 0
4317 9442953 0
4318 9447271 0
4319 9451590 0
4320 9455910 0
4321 9460231 0
4322 9464553 0
4323 9468876 0
4324 9473200 0
4325 9477525 0
4326 9481851 0
4327 9486178 0
4328 9490506 0
4329 9494835 0
4330 9499165 0
4331 9503496 0
4332 9507828 0
4333 9512161 0
4334 9516495 0
4335 9520830 0
4336 9525166 0
4337 9529503 0
4338 9533841 0
4339 9538180 0
4340 9542520 0
4341 9546861 0
4342 9551203 0
4343 9555546 0
4344 9559890 0
4345 9564235 0
4346 9568581 0
4347 9572928 0
4348 9577276 0
4349 9581625 0
4350 9585975 0
4351 9590326 0
4352 9594678 0
4353 9599031 0
4354 9603385 0
4355 9607740 0
4356 9612096 0
4357 9616453 0
4358 9620811 0
4359 9625170 0
4360 9629530 0
4361 9633891 0
4362 9638253 0
4363 9642616 0
4364 9647000 2
4365 9651400 2
4366 9655800 2
4367 9660200 2
4368 9664600 2
4369 9669000 2
4370 9673400 2
4371 9677800 2
4372 9682200 2
4373 9686600 2
4374 9691000 2
4375 9695400 2
4376 9699800 2
4377 9704200 2
4378 9708600 2
4379 9713000 2
4380 9717400 2
4381 9721800 2
4382 9726200 2
4383 9730600 2
4384 9735000 2
4385 9739400 2
4386 9743800 2
4387 9748200 2
4388 9752600 2
4389 9757000 2
4390 9761400 2
4391 9765800 2
4392 9770200 2
4393 9774600 2
4394 9779000 2
4395 9783400 2
4396 9787800 2
4397 9792200 2
4398 9796600 2
4399 9801000 2
4400 9805400 1
4401 9809801 0
4402 9814203 0
4403 9818606 0
4404 9823010 0
4405 9827415 0
4406 9831821 0
4407 9836228 0
4408 9840636 0
4409 9845045 0
4410 9849455 0
4411 9853866 0
4412 9858278 0
4413 9862691 0
4414 9867105 0
4415 9871520 0
4416 9875936 0
4417 9880353 0
4418 9884771 0
4419 9889190 0
4420 9893610 0
4421 9898031 0
4422 9902453 0
4423 9906876 0
4424 9911300 0
4425 9915725 0
4426 9920151 0
4427 9924578 0
4428 9929006 0
4429 9933435 0
4430 9937865 0
4431 9942296 0
4432 9946728 0
4433 9951161 0
4434 9955595 0
4435 9960030 0
4436 9964466 0
4437 9968903 0
4438 9973341 0
4439 9977780 0
4440 9982220 0
4441 9986661 0
4442 9991103 0
4443 9995546 0
4444 9999990 0
4445 10004435 0
4446 10008881 0
4447 10013328 0
4448 10017776 0
4449 10022225 0
4450 10026675 0
4451 10031126 0
4452 10035578 0
4453 10040031 0
4454 10044485 0
4455 10048940 0
4456 10053396 0
4457 10057853 0
4458 10062311 0
4459 10066770 0
4460 10071230 0
4461 10075691 0
4462 10080153 0
4463 10084616 0
4464 10089080 0
4465 10093545 0
4466 10098011 0
4467 10102500 2
4468 10107000 2
4469 10111500 2
4470 10116000 2
4471 10120500 2
4472 10125000 2
4473 10129500 2
4474 10134000 2
4475 10138500 2
4476 10143000 2
4477 10147500 2
4478 10152000 2
4479 10156500 2
4480 10161000 2
4481 10165500 2
4482 10170000 2
4483 10174500 2
4484 10179000 2
4485 10183500 2
4486 10188000 2
4487 10192500 2
4488 10197000 2
4489 10201500 2
4490 10206000 2
4491 10210500 2
4492 10215000 2
4493 10219500 2
4494 10224000 2
4495 10228500 2
4496 10233000 2
4497 10237500 2
4498 10242000 2
4499 10246500 2
4500 10251000 1
4501 10255501 0
4502 10260003 0
4503 10264506 0
4504 10269010 0
4505 10273515 0
4506 10278021 0
4507 10282528 0
4508 10287036 0
4509 10291545 0
4510 10296055 0
4511 10300566 0
4512 10305078 0
4513 10309591 0
4514 10314105 0
4515 10318620 0
4516 10323136 0
4517 10327653 0
4518 10332171 0
4519 10336690 0
4520 10341210 0
4521 10345731 0
4522 10350253 0
4523 10354776 0
4524 10359300 0
4525 10363825 0
4526 10368351 0
4527 10372878 0
4528 10377406 0
4529 10381935 0
4530 10386465 0
4531 10390996 0
4532 10395528 0
4533 10400061 0
4534 10404595 0
4535 10409130 0
4536 10413666 0
4537 10418203 0
4538 10422741 0
4539 10427280 0
4540 10431820 0
4541 10436361 0
4542 10440903 0
4543 10445446 0
4544 10449990 0
4545 10454535 0
4546 10459081 0
4547 10463628 0
4548 10468176 0
4549 10472725 0
4550 10477275 0
4551 10481826 0
4552 10486378 0
4553 10490931 0
4554 10495485 0
4555 10500040 0
4556 10504596 0
4557 10509153 0
4558 10513711 0
4559 10518270 0
4560 10522830 0
4561 10527391 0
4562 10531953 0
4563 10536516 0
4564 10541080 0
4565 10545645 0
4566 10550211 0
4567 10554778 0
4568 10559346 0
4569 10563915 0
4570 10568500 2
4571 10573100 2
4572 10577700 2
4573 10582300 2
4574 10586900 2
4575 10591500 2
4576 10596100 2
4577 10600700 2
4578 10605300 2
4579 10609900 2
4580 10614500 2
4581 10619100 2
4582 10623700 2
4583 10628300 2
4584 10632900 2
4585 10637500 2
4586 10642100 2
4587 10646700 2
4588 10651300 2
4589 10655900 2
4590 10660500 2
4591 10665100 2
4592 10669700 2
4593 10674300 2
4594 10678900 2
4595 10683500 2
4596 10688100 2
4597 10692700 2
4598 10697300 2
4599 10701900 2
4600 10706500 1
4601 10711101 0
4602 10715703 0
4603 10720306 0
4604 10724910 0
4605 10729515 0
4606 10734121 0
4607 10738728 0
4608 10743336 0
4609 10747945 0
4610 10752555 0
4611 10757166 0
4612 10761778 0
4613 10766391 0
4614 10771005 0
4615 10775620 0
4616 10780236 0
4617 10784853 0
4618 10789471 0
4619 10794090 0
4620 10798710 0
4621 10803331 0
4622 10807953 0
4623 10812576 0
4624 10817200 0
4625 10821825 0
4626 10826451 0
4627 10831078 0
4628 10835706 0
4629 10840335 0
4630 10844965 0
4631 10849596 0
4632 10854228 0
4633 10858861 0
4634 10863495 0
4635 10868130 0
4636 10872766 0
4637 10877403 0
4638 10882041 0
4639 10886680 0
4640 10891320 0
4641 10895961 0
4642 10900603 0
4643 10905246 0
4644 10909890 0
4645 10914535 0
4646 10919181 0
4647 10923828 0
4648 10928476 0
4649 10933125 0
4650 10937775 0
4651 10942426 0
4652 10947078 0
4653 10951731 0
4654 10956385 0
4655 10961040 0
4656 10965696 0
4657 10970353 0
4658 10975011 0
4659 10979670 0
4660 10984330 0
4661 10988991 0
4662 10993653 0
4663 10998316 0
4664 11002980 0
4665 11007645 0
4666 11012311 0
4667 11016978 0
4668 11021646 0
4669 11026315 0
4670 11030985 0
4671 11035656 0
4672 11040328 0
4673 11045001 0
4674 11049700 2
4675 11054400 2
4676 11059100 2
4677 11063800 2
4678 11068500 2
4679 11073200 2
4680 11077900 2
4681 11082600 2
4682 11087300 2
4683 11092000 2
4684 11096700 2
4685 11101400 2
4686 11106100 2
4687 11110800 2
4688 11115500 2
4689 11120200 2
4690 11124900 2
4691 11129600 2
4692 11134300 2
4693 11139000 2
4694 11143700 2
4695 11148400 2
4696 11153100 2
4697 11157800 2
4698 11162500 2
4699 11167200 2
4700 11171900 1
4701 11176601 0
4702 11181303 0
4703 11186006 0
4704 11190710 0
4705 11195415 0
4706 11200121 0
4707 11204828 0
4708 11209536 0
4709 11214245 0
4710 11218955 0
4711 11223666 0
4712 11228378 0
4713 11233091 0
4714 11237805 0
4715 11242520 0
4716 11247236 0
4717 11251953 0
4718 11256671 0
4719 11261390 0
4720 11266110 0
4721 11270831 0
4722 11275553 0
4723 11280276 0
4724 11285000 0
4725 11289725 0
4726 11294451 0
4727 11299178 0
4728 11303906 0
4729 11308635 0
4730 11313365 0
4731 11318096 0
4732 11322828 0
4733 11327561 0
4734 11332295 0
4735 11337030 0
4736 11341766 0
4737 11346503 0
4738 11351241 0
4739 11355980 0
4740 11360720 0
4741 11365461 0
4742 11370203 0
4743 11374946 0
4744 11379690 0
4745 11384435 0
4746 11389181 0
4747 11393928 0
4748 11398676 0
4749 11403425 0
4750 11408175 0
4751 11412926 0
4752 11417678 0
4753 11422431 0
4754 11427185 0
4755 11431940 0
4756 11436696 0
4757 11441453 0
4758 11446211 0
4759 11450970 0
4760 11455730 0
4761 11460491 0
4762 11465253 0
4763 11470016 0
4764 11474780 0
4765 11479545 0
4766 11484311 0
4767 11489078 0
4768 11493846 0
4769 11498615 0
4770 11503385 0
4771 11508156 0
4772 11512928 0
4773 11517701 0
4774 11522475 0
4775 11527250 0
4776 11532026 0
4777 11536803 0
4778 11541600 2
4779 11546400 2
4780 11551200 2
4781 11556000 2
4782 11560800 2
4783 11565600 2
4784 11570400 2
4785 11575200 2
4786 11580000 2
4787 11584800 2
4788 11589600 2
4789 11594400 2
4790 11599200 2
4791 11604000 2
4792 11608800 2
4793 11613600 2
4794 11618400 2
4795 11623200 2
4796 11628000 2
4797 11632800 2
4798 11637600 2
4799 11642400 2
4800 11647200 1
4801 11652001 0
4802 11656803 0
4803 11661606 0
4804 11666410 0
4805 11671215 0
4806 11676021 0
4807 11680828 0
4808 11685636 0
4809 11690445 0
4810 11695255 0
4811 11700066 0
4812 11704878 0
4813 11709691 0
4814 11714505 0
4815 11719320 0
4816 11724136 0
4817 11728953 0
4818 11733771 0
4819 11738590 0
4820 11743410 0
4821 11748231 0
4822 11753053 0
4823 11757876 0
4824 11762700 0
4825 11767525 0
4826 11772351 0
4827 11777178 0
4828 11782006 0
4829 11786835 0
4830 11791665 0
4831 11796496 0
4832 11801328 0
4833 11806161 0
4834 11810995 0
4835 11815830 0
4836 11820666 0
4837 11825503 0
4838 11830341 0
4839 11835180 0
4840 11840020 0
4841 11844861 0
4842 11849703 0
4843 11854546 0
4844 11859390 0
4845 11864235 0
4846 11869081 0
4847 11873928 0
4848 11878776 0
4849 11883625 0
4850 11888475 0
4851 11893326 0
4852 11898178 0
4853 11903031 0
4854 11907885 0
4855 11912740 0
4856 11917596 0
4857 11922453 0
4858 11927311 0
4859 11932170 0
4860 11937030 0
4861 11941891 0
4862 11946753 0
4863 11951616 0
4864 11956480 0
4865 11961345 0
4866 11966211 0
4867 11971078 0
4868 11975946 0
4869 11980815 0
4870 11985685 0
4871 11990556 0
4872 11995428 0
4873 12000301 0
4874 12005175 0
4875 12010050 0
4876 12014926 0
4877 12019803 0
4878 12024681 0
4879 12029560 0
4880 12034440 0
4881 12039321 0
4882 12044203 0
4883 12049100 2
4884 12054000 2
4885 12058900 2
4886 12063800 2
4887 12068700 2
4888 12073600 2
4889 12078500 2
4890 12083400 2
4891 12088300 2
4892 12093200 2
4893 12098100 2
4894 12103000 2
4895 12107900 2
4896 12112800 2
4897 12117700 2
4898 12122600 2
4899 12127500 2
4900 12132400 1
4901 12137301 0
4902 12142203 0
4903 12147106 0
4904 12152010 0
4905 12156915 0
4906 12161821 0
4907 12166728 0
4908 12171636 0
4909 12176545 0
4910 12181455 0
4911 12186366 0
4912 12191278 0
4913 12196191 0
4914 12201105 0
4915 12206020 0
4916 12210936 0
4917 12215853 0
4918 12220771 0
4919 12225690 0
4920 12230610 0
4921 12235531 0
4922 12240453 0
4923 12245376 0
4924 12250300 0
4925 12255225 0
4926 12260151 0
4927 12265078 0
4928 12270006 0
4929 12274935 0
4930 12279865 0
4931 12284796 0
4932 12289728 0
4933 12294661 0
4934 12299595 0
4935 12304530 0
4936 12309466 0
4937 12314403 0
4938 12319341 0
4939 12324280 0
4940 12329220 0
4941 12334161 0
4942 12339103 0
4943 12344046 0
4944 12348990 0
4945 12353935 0
4946 12358881 0
4947 12363828 0
4948 12368776 0
4949 12373725 0
4950 12378675 0
4951 12383626 0
4952 12388578 0
4953 12393531 0
4954 12398485 0
4955 12403440 0
4956 12408396 0
4957 12413353 0
4958 12418311 0
4959 12423270 0
4960 12428230 0
4961 12433191 0
4962 12438153 0
4963 12443116 0
4964 12448080 0
4965 12453045 0
4966 12458011 0
4967 12462978 0
4968 12467946 0
4969 12472915 0
4970 12477885 0
4971 12482856 0
4972 12487828 0
4973 12492801 0
4974 12497775 0
4975 12502750 0
4976 12507726 0
4977 12512703 0
4978 12517681 0
4979 12522660 0
4980 12527640 0
4981 12532621 0
4982 12537603 0
4983 12542586 0
4984 12547570 0
4985 12552555 0
4986 12557541 0
4987 12562528 0
4988 12567516 0
4989 12572505 0
4990 12577500 2
4991 12582500 2
4992 12587500 2
4993 12592500 2
4994 12597500 2
4995 12602500 2
4996 12607500 2
4997 12612500 2
4998 12617500 2
4999 12622500 2
