9
828072478 0 421606914 977423958 22516132 860153058 991289330 573893104 956979470
10 5
4 9
1 10
3 6
2 5
8 1
5 9
3 7
6 1
5 3
9 6 326077422
5 9 860153058
3 6 421606914
1 5 35620604
3 8 977423958

9
0 0 421606914 0 22516132 860153058 806155194 573893104 956979470 
9
828072478 0 421606914 35620604 22516132 860153058 991289330 573893104 956979470 
828072478 0 421606914 35620604 22516132 860153058 991289330 573893104 956979470 6 2
1 2
2 3
3 4
2 5
5 6
1 4 3
1 6 56 2
1 2
2 3
3 4
2 5
5 6
1 4 2
2 6 7
10 5
4 9
1 10
3 6
2 5
8 1
5 9
3 7
6 1
5 3
9 6 326077422
5 9 860153058
3 6 421606914
1 5 35620604
3 8 977423958
6 2
1 2
2 3
3 4
2 5
5 6
1 4 3
1 6 5
6 2
1 2
2 3
3 4
2 5
5 6
1 4 2
2 6 7
4 4
1 2
2 3
3 4
1 4 3
2 4 2
1 3 1
2 3 1
4
-1 -2 -3 -4
10
5 -2 -4 -6 2 3 -6 5 3 -2
7
1 2 3 -1000 1 2 3
