9
2 1
3 4
2 3
7 11
3 10
100 40 100
2 1
1 2
2 2
1 2
1 327869541
327869541
5 26250314066
439986238782 581370817372 409476934981 287439719777 737637983182
5 616753575719
321037808624 222034505841 214063039282 441536506916 464097941819
5 431813672576
393004301966 405902283416 900951084746 672201172466 518769038906
2
2
8 3
12 23
100 100
4
20 1 2 5
30 4 3 10
2 3 2 3

5
4
8 15 22 30
5
60 90 98 120 308
6
328 769 541 986 215 734
5
1000 2000 7000 11000 16000
2
2 1

6
3
1 -1
0 0
1 -1
4
-3 -2
-3 -1
-3 0
-3 1
4
1 1
-1 -1
1 -1
-1 1
6
-4 14
-9 -13
-14 5
14 15
-8 -4
19 9
6
82 64
39 91
3 46
87 83
74 21
7 25
1
100 -100

